,treenode_id,parent_id,creator_id,x,y,z,radius,confidence,type
0,7392231,7392233,2,41283,65246,61800,-1,5,slab
1,7392235,7392236,2,41266,65308,61950,-1,5,slab
2,12332200,17989535,3,62985,85712,111850,-1,5,slab
3,12408643,14853589,3,68172,85146,139100,-1,5,slab
4,12434063,17989702,3,64284,86522,111900,-1,5,slab
5,14853118,14853119,6,65223,85683,127750,-1,5,slab
6,14853204,14853231,6,64277,84551,127950,-1,5,slab
7,14853234,7599497,6,64166,84542,128150,-1,5,slab
8,2444248,14853118,16,65225,85688,127800,-1,5,slab
9,14853119,14853120,6,65222,85679,127700,-1,5,slab
10,14853120,14853121,6,65220,85675,127650,-1,5,slab
11,14853121,14853122,6,65219,85671,127600,-1,5,slab
12,14853122,14853123,6,65195,85595,127550,-1,5,slab
13,14853123,14853126,6,65171,85519,127500,-1,5,branch
14,14853126,14853127,6,65006,85262,127550,-1,5,slab
15,14853127,14853149,6,64917,85163,127600,-1,5,slab
16,14853149,14853156,6,64689,85013,127650,-1,5,slab
17,14853156,14853157,6,64558,84844,127700,-1,5,slab
18,14853157,14853158,6,64552,84821,127750,-1,5,branch
19,14853158,14853160,6,64280,84722,127800,-1,5,slab
20,14853160,14853161,6,64294,84618,127850,-1,5,slab
21,14853161,14853204,6,64273,84559,127900,-1,5,slab
22,14853231,14853232,6,64254,84548,128000,-1,5,slab
23,14853232,14853233,6,64231,84544,128050,-1,5,slab
24,14853233,14853234,6,64199,84543,128100,-1,5,branch
25,14853242,6193685,6,64185,83563,128300,-1,5,end
26,6193685,14853238,16,64159,83541,128250,-1,5,slab
27,14853238,14853237,6,64235,83712,128200,-1,5,slab
28,14853237,14853236,6,64297,83947,128150,-1,5,slab
29,14853236,14853235,6,64297,84029,128100,-1,5,slab
30,14853235,14853233,6,64292,84249,128100,-1,5,slab
31,14853202,14853201,6,65717,84909,129450,-1,5,end
32,14853201,14853200,6,65704,84902,129400,-1,5,slab
33,14853200,14853199,6,65692,84895,129350,-1,5,slab
34,14853199,14853198,6,65669,84889,129300,-1,5,slab
35,14853198,14853197,6,65646,84883,129250,-1,5,slab
36,14853197,14853196,6,65624,84876,129200,-1,5,slab
37,14853196,14853195,6,65600,84862,129150,-1,5,slab
38,14853195,14853194,6,65576,84848,129100,-1,5,slab
39,14853194,14853193,6,65551,84835,129050,-1,5,slab
40,14853193,14853192,6,65514,84816,129000,-1,5,slab
41,14853192,14853191,6,65477,84797,128950,-1,5,slab
42,14853191,14853190,6,65464,84795,128900,-1,5,slab
43,14853190,14853189,6,65451,84794,128850,-1,5,slab
44,14853189,14853188,6,65437,84793,128800,-1,5,slab
45,14853188,14853187,6,65432,84797,128750,-1,5,slab
46,14853187,14853186,6,65427,84802,128700,-1,5,slab
47,14853186,14853185,6,65422,84806,128650,-1,5,slab
48,14853185,14853184,6,65386,84781,128600,-1,5,slab
49,14853184,14853183,6,65350,84757,128550,-1,5,slab
50,14853183,14853182,6,65337,84736,128500,-1,5,slab
51,14853182,14853181,6,65323,84716,128450,-1,5,slab
52,14853181,14853180,6,65310,84696,128400,-1,5,slab
53,14853180,14853179,6,65293,84692,128350,-1,5,slab
54,14853179,14853178,6,65276,84688,128300,-1,5,slab
55,14853178,14853177,6,65222,84684,128250,-1,5,slab
56,14853177,14853176,6,65168,84679,128200,-1,5,slab
57,14853176,14853174,6,65121,84700,128150,-1,5,slab
58,14853174,14853173,6,65075,84721,128100,-1,5,slab
59,14853173,14853171,6,65022,84779,128050,-1,5,slab
60,14853171,14853170,6,64970,84836,128000,-1,5,slab
61,14853170,14853169,6,64911,84837,127950,-1,5,slab
62,14853169,14853168,6,64852,84838,127900,-1,5,slab
63,14853168,14853167,6,64787,84831,127850,-1,5,slab
64,14853167,14853157,6,64721,84823,127800,-1,5,slab
65,12407583,14853146,3,65994,85766,126500,-1,5,end
66,14853146,14853145,6,65817,85707,126550,-1,5,slab
67,14853145,14853144,6,65738,85659,126600,-1,5,slab
68,14853144,7613467,6,65678,85674,126650,-1,5,slab
69,7613467,14853142,3,65618,85690,126700,-1,5,slab
70,14853142,14853141,6,65550,85657,126750,-1,5,slab
71,14853141,14853140,6,65527,85676,126800,-1,5,slab
72,14853140,14853139,6,65504,85695,126850,-1,5,slab
73,14853139,14853138,6,65468,85667,126900,-1,5,slab
74,14853138,14853137,6,65392,85606,126950,-1,5,slab
75,14853137,14853136,6,65376,85586,127000,-1,5,slab
76,14853136,14853135,6,65360,85565,127050,-1,5,slab
77,14853135,14853134,6,65344,85545,127100,-1,5,slab
78,14853134,14853133,6,65297,85540,127150,-1,5,slab
79,14853133,14853132,6,65251,85535,127200,-1,5,slab
80,14853132,14853131,6,65204,85530,127250,-1,5,slab
81,14853131,14853130,6,65194,85526,127300,-1,5,slab
82,14853130,14853129,6,65183,85521,127350,-1,5,slab
83,14853129,14853128,6,65173,85517,127400,-1,5,slab
84,14853128,14853123,6,65172,85518,127450,-1,5,slab
85,14853114,2444248,6,65251,85712,127850,-1,5,end
86,14853244,7599439,6,63509,84352,128650,-1,5,slab
87,14853245,14853244,6,63428,84343,128700,-1,5,slab
88,14853246,14853245,6,63347,84335,128750,-1,5,slab
89,14853247,7599439,6,64024,84339,128600,-1,5,slab
90,14853248,14853247,6,64042,84330,128650,-1,5,slab
91,14853249,14853248,6,64060,84322,128700,-1,5,slab
92,14853250,14853249,6,64042,84312,128750,-1,5,slab
93,14853251,14853250,6,64024,84303,128800,-1,5,slab
94,14853252,14853251,6,64007,84293,128850,-1,5,slab
95,14853253,14853252,6,63990,84270,128900,-1,5,slab
96,14853254,14853253,6,63973,84247,128950,-1,5,end
97,14853256,14853246,6,63245,84323,128800,-1,5,slab
98,14853257,14853256,6,63142,84312,128850,-1,5,slab
99,14853258,14853257,6,63138,84310,128900,-1,5,slab
100,14853259,14853258,6,63133,84308,128950,-1,5,slab
101,14853260,14853259,6,63129,84306,129000,-1,5,slab
102,14853261,14853260,6,63085,84276,129050,-1,5,slab
103,14853262,14853261,6,63042,84246,129100,-1,5,slab
104,14853263,14853262,6,62998,84215,129150,-1,5,slab
105,14853264,14853263,6,63001,84182,129200,-1,5,slab
106,14853265,14853264,6,63004,84150,129250,-1,5,slab
107,14853266,14853265,6,63006,84117,129300,-1,5,slab
108,14853267,14853266,6,63009,84084,129350,-1,5,slab
109,5103865,14853267,16,62988,84056,129400,-1,5,slab
110,14853269,5103865,6,63000,84054,129450,-1,5,slab
111,14853270,14853269,6,63012,84053,129500,-1,5,slab
112,14853271,14853270,6,63024,84052,129550,-1,5,slab
113,14853272,14853271,6,63115,84098,129600,-1,5,slab
114,14853273,14853272,6,63206,84144,129650,-1,5,slab
115,14853274,14853273,6,63296,84190,129700,-1,5,slab
116,14853275,14853274,6,63338,84237,129750,-1,5,slab
117,14853276,14853275,6,63380,84284,129800,-1,5,slab
118,14853277,14853276,6,63422,84331,129850,-1,5,slab
119,14853278,14853277,6,63465,84388,129900,-1,5,slab
120,14853279,14853278,6,63508,84445,129950,-1,5,slab
121,14853280,14853279,6,63551,84502,130000,-1,5,slab
122,14853281,14853280,6,63594,84559,130050,-1,5,slab
123,14853283,2356087,6,63712,84645,130150,-1,5,slab
124,14853284,14853283,6,63733,84688,130200,-1,5,slab
125,14853285,14853284,6,63754,84730,130250,-1,5,slab
126,14853286,14853285,6,63775,84762,130300,-1,5,slab
127,14853287,14853286,6,63796,84793,130350,-1,5,slab
128,14853288,14853287,6,63817,84825,130400,-1,5,slab
129,14853289,14853288,6,63826,84823,130450,-1,5,slab
130,14853290,14853289,6,63836,84820,130500,-1,5,slab
131,14853291,14853290,6,63845,84817,130550,-1,5,slab
132,14853292,14853291,6,63864,84836,130600,-1,5,slab
133,14853293,14853292,6,63882,84855,130650,-1,5,slab
134,14853294,14853293,6,63901,84874,130700,-1,5,slab
135,14853295,14853294,6,63919,84893,130750,-1,5,slab
136,14853296,14853295,6,63927,84898,130800,-1,5,slab
137,14853297,14853296,6,63935,84902,130850,-1,5,slab
138,14853298,14853297,6,63942,84906,130900,-1,5,slab
139,14853299,14853298,6,63950,84911,130950,-1,5,slab
140,14853300,14853299,6,63949,84896,131000,-1,5,slab
141,14853301,14853300,6,63949,84882,131050,-1,5,slab
142,14853302,14853301,6,63948,84868,131100,-1,5,slab
143,14853303,14853302,6,63948,84854,131150,-1,5,slab
144,14853304,14853303,6,63950,84806,131200,-1,5,slab
145,14853305,14853304,6,63940,84776,131250,-1,5,slab
146,14853306,14853305,6,63931,84745,131300,-1,5,slab
147,14853307,14853306,6,63911,84705,131350,-1,5,slab
148,14853308,14853307,6,63891,84664,131400,-1,5,slab
149,14853309,14853308,6,63872,84624,131450,-1,5,slab
150,14853310,14853309,6,63873,84618,131500,-1,5,slab
151,14853311,14853310,6,63874,84612,131550,-1,5,slab
152,14853312,14853311,6,63876,84607,131600,-1,5,slab
153,14853314,2914376,6,63881,84587,131700,-1,5,slab
154,14853315,14853314,6,63851,84556,131750,-1,5,slab
155,14853316,14853315,6,63821,84525,131800,-1,5,slab
156,14853317,14853316,6,63823,84505,131850,-1,5,slab
157,14853318,14853317,6,63826,84486,131900,-1,5,slab
158,14853319,14853318,6,63828,84466,131950,-1,5,slab
159,14853320,14853319,6,63824,84454,132000,-1,5,slab
160,14853321,14853320,6,63821,84441,132050,-1,5,slab
161,14853322,14853321,6,63817,84429,132100,-1,5,slab
162,14853323,14853322,6,63813,84417,132150,-1,5,slab
163,14853324,14853323,6,63820,84408,132200,-1,5,slab
164,14853325,14853324,6,63827,84400,132250,-1,5,slab
165,14853326,14853325,6,63834,84392,132300,-1,5,slab
166,14853327,14853326,6,63841,84379,132350,-1,5,slab
167,14853328,14853327,6,63848,84365,132400,-1,5,slab
168,14853329,14853328,6,63855,84352,132450,-1,5,slab
169,14853330,14853329,6,63860,84352,132500,-1,5,slab
170,14853331,14853330,6,63865,84352,132550,-1,5,slab
171,14853332,14853331,6,63870,84352,132600,-1,5,slab
172,14853333,14853332,6,63876,84352,132650,-1,5,slab
173,14853335,14853333,6,63899,84364,132700,-1,5,slab
174,14853336,14853335,6,63923,84376,132750,-1,5,slab
175,14853337,14853336,6,63946,84387,132800,-1,5,slab
176,14853338,14853337,6,63970,84399,132850,-1,5,slab
177,14853339,14853338,6,63993,84411,132900,-1,5,slab
178,14853340,14853339,6,64017,84436,132950,-1,5,slab
179,14853341,14853340,6,64040,84460,133000,-1,5,slab
180,14853342,14853341,6,64063,84485,133050,-1,5,slab
181,14853343,14853342,6,64087,84510,133100,-1,5,slab
182,14853344,14853343,6,64139,84557,133150,-1,5,slab
183,14853345,14853344,6,64192,84603,133200,-1,5,slab
184,14853346,14853345,6,64244,84650,133250,-1,5,slab
185,14853347,14853346,6,64295,84684,133300,-1,5,slab
186,14853348,14853347,6,64345,84717,133350,-1,5,slab
187,14853349,14853348,6,64373,84757,133400,-1,5,slab
188,14853350,14853349,6,64401,84798,133450,-1,5,slab
189,14853351,14853350,6,64429,84838,133500,-1,5,slab
190,14853354,1512677,6,64501,84878,133600,-1,5,slab
191,14853355,14853354,6,64531,84895,133650,-1,5,slab
192,14853356,14853355,6,64553,84905,133700,-1,5,slab
193,14853357,14853356,6,64574,84916,133750,-1,5,slab
194,14853358,14853357,6,64596,84926,133800,-1,5,slab
195,14853359,14853358,6,64626,84943,133850,-1,5,branch
196,14853361,2355519,6,64589,84962,133950,-1,5,slab
197,14853362,14853361,6,64548,84983,134000,-1,5,slab
198,14853363,14853362,6,64548,84979,134050,-1,5,slab
199,14853364,14853363,6,64547,84975,134100,-1,5,slab
200,14853365,14853364,6,64546,84971,134150,-1,5,slab
201,14853366,14853359,6,64613,84610,133850,-1,5,slab
202,14853367,14853366,6,64685,84544,133800,-1,5,end
203,14853370,14853365,6,64570,84988,134200,-1,5,slab
204,14853371,14853370,6,64593,85004,134250,-1,5,slab
205,14853372,14853371,6,64617,85021,134300,-1,5,slab
206,14853373,14853372,6,64662,85040,134350,-1,5,slab
207,14853374,14853373,6,64707,85059,134400,-1,5,slab
208,14853375,14853374,6,64752,85078,134450,-1,5,slab
209,14853376,14853375,6,64774,85086,134500,-1,5,slab
210,14853377,14853376,6,64796,85094,134550,-1,5,slab
211,14853378,14853377,6,64818,85102,134600,-1,5,slab
212,14853380,14853378,6,64852,85077,134650,-1,5,slab
213,14853381,14853380,6,64886,85051,134700,-1,5,slab
214,14853383,14853381,6,64904,85053,134750,-1,5,slab
215,14853384,14853383,6,64922,85055,134800,-1,5,slab
216,14853385,14853384,6,64940,85057,134850,-1,5,slab
217,14853387,14853385,6,64956,85051,134900,-1,5,slab
218,14853388,14853387,6,64973,85045,134950,-1,5,slab
219,14853389,14853388,6,64990,85038,135000,-1,5,slab
220,14853390,14853389,6,65006,85032,135050,-1,5,slab
221,14853391,14853390,6,65028,85030,135100,-1,5,slab
222,14853392,14853391,6,65050,85028,135150,-1,5,slab
223,14853393,14853392,6,65073,85026,135200,-1,5,slab
224,14853394,14853393,6,65102,85024,135250,-1,5,slab
225,14853395,14853394,6,65131,85021,135300,-1,5,slab
226,14853396,14853395,6,65160,85019,135350,-1,5,slab
227,14853397,14853396,6,65193,84966,135400,-1,5,slab
228,14853398,14853397,6,65227,84912,135450,-1,5,slab
229,14853399,14853398,6,65253,84876,135500,-1,5,slab
230,14853400,14853399,6,65278,84839,135550,-1,5,slab
231,14853401,14853400,6,65304,84802,135600,-1,5,slab
232,14853402,14853401,6,65356,84741,135650,-1,5,slab
233,14853403,14853402,6,65408,84681,135700,-1,5,slab
234,14853404,14853403,6,65460,84620,135750,-1,5,slab
235,14853405,14853404,6,65512,84559,135800,-1,5,slab
236,14853406,14853405,6,65533,84528,135850,-1,5,slab
237,14853407,14853406,6,65554,84496,135900,-1,5,slab
238,14853408,14853407,6,65576,84465,135950,-1,5,slab
239,14853409,14853408,6,65597,84434,136000,-1,5,slab
240,14853410,14853409,6,65646,84431,136050,-1,5,slab
241,14853411,14853410,6,65695,84429,136100,-1,5,slab
242,14853412,14853411,6,65744,84427,136150,-1,5,slab
243,14853413,14853412,6,65793,84424,136200,-1,5,slab
244,14853414,14853413,6,65867,84418,136250,-1,5,slab
245,14853415,14853414,6,65941,84411,136300,-1,5,slab
246,14853416,14853415,6,66015,84405,136350,-1,5,slab
247,14853417,14853416,6,66043,84392,136400,-1,5,slab
248,14853418,14853417,6,66071,84379,136450,-1,5,slab
249,14853419,14853418,6,66099,84365,136500,-1,5,slab
250,4945173,14853419,3,66112,84401,136550,-1,5,slab
251,14853421,4945173,6,66137,84398,136600,-1,5,slab
252,14853422,14853421,6,66163,84394,136650,-1,5,slab
253,14853423,14853422,6,66188,84390,136700,-1,5,slab
254,1512401,14853423,3,66192,84371,136750,-1,5,slab
255,14853425,1512401,6,66204,84368,136800,-1,5,slab
256,14853426,14853425,6,66216,84365,136850,-1,5,slab
257,14853427,14853426,6,66220,84357,136900,-1,5,slab
258,14853428,14853427,6,66224,84349,136950,-1,5,slab
259,14853429,14853428,6,66228,84341,137000,-1,5,branch
260,14853430,14853429,6,66505,84529,137000,-1,5,slab
261,7684255,1512366,3,66344,84417,137100,-1,5,slab
262,14853436,7684255,6,66301,84394,137150,-1,5,slab
263,14853437,14853436,6,66259,84372,137200,-1,5,slab
264,14853438,14853437,6,66216,84350,137250,-1,5,slab
265,14853446,14853430,6,66531,84576,137050,-1,5,slab
266,14853447,14853446,6,66557,84624,137100,-1,5,slab
267,14853448,14853447,6,66562,84651,137150,-1,5,slab
268,14853449,14853448,6,66568,84679,137200,-1,5,slab
269,14853450,14853449,6,66585,84795,137250,-1,5,slab
270,14853451,14853450,6,66580,84767,137300,-1,5,slab
271,14853452,14853451,6,66576,84740,137350,-1,5,slab
272,14853453,14853452,6,66609,84705,137400,-1,5,slab
273,483486,14853453,3,66728,84664,137450,-1,5,slab
274,14853458,483486,6,66634,84569,137500,-1,5,branch
275,14853459,14853458,6,66889,84339,137500,-1,5,slab
276,14853460,14853459,6,66919,84271,137550,-1,5,slab
277,14853461,14853460,6,66950,84204,137600,-1,5,end
278,14853463,14853458,6,66626,84586,137550,-1,5,slab
279,14853464,14853463,6,66617,84603,137600,-1,5,slab
280,14853465,14853464,6,66695,84696,137650,-1,5,slab
281,14853466,14853465,6,66773,84789,137700,-1,5,slab
282,14853468,14853466,6,66830,84812,137750,-1,5,slab
283,14853469,14853468,6,66886,84836,137800,-1,5,slab
284,14853470,14853469,6,66942,84859,137850,-1,5,slab
285,14853472,14853470,6,67044,84889,137900,-1,5,slab
286,14853473,14853472,6,67146,84918,137950,-1,5,slab
287,7684231,14853473,3,67163,84979,138000,-1,5,slab
288,14853476,7684231,6,67225,84983,138050,-1,5,slab
289,14853477,14853476,6,67288,84987,138100,-1,5,slab
290,14853478,14853477,6,67315,85004,138150,-1,5,slab
291,14853479,14853478,6,67356,85014,138200,-1,5,branch
292,14853480,14853479,6,67396,85025,138250,-1,5,slab
293,14853481,14853480,6,67476,85020,138300,-1,5,slab
294,14853482,14853481,6,67556,85015,138350,-1,5,slab
295,14853483,14853479,6,67250,85057,138250,-1,5,slab
296,14853484,14853483,6,67200,85083,138300,-1,5,slab
297,14853485,14853484,6,67149,85110,138350,-1,5,slab
298,14853486,14853485,6,67147,85166,138400,-1,5,slab
299,14853487,14853486,6,67146,85222,138450,-1,5,slab
300,14853488,14853487,6,67132,85270,138500,-1,5,slab
301,14853489,14853488,6,67119,85317,138550,-1,5,slab
302,14853490,14853489,6,67111,85344,138600,-1,5,end
303,14853492,7599449,6,64528,85805,128750,-1,5,slab
304,14853493,14853492,6,64523,85810,128800,-1,5,slab
305,14853494,14853493,6,64518,85814,128850,-1,5,slab
306,14853496,14853494,6,64561,85880,128900,-1,5,slab
307,14853497,14853496,6,64603,85945,128950,-1,5,end
308,12408584,14853482,3,67689,85078,138400,-1,5,slab
309,14853521,12408584,6,67722,85074,138450,-1,5,slab
310,14853522,14853521,6,67755,85070,138500,-1,5,slab
311,14853524,14853522,6,67807,85084,138550,-1,5,branch
312,14853525,14853524,6,67859,85098,138600,-1,5,slab
313,14853526,14853525,6,67911,85111,138650,-1,5,slab
314,14853527,14853526,6,67963,85125,138700,-1,5,slab
315,14853537,14853524,6,67643,84958,138550,-1,5,slab
316,14853544,14853537,6,67681,84916,138600,-1,5,slab
317,14853545,14853544,6,67697,84907,138650,-1,5,slab
318,14853546,14853545,6,67717,84906,138700,-1,5,slab
319,14853547,14853546,6,67738,84905,138750,-1,5,slab
320,14853548,14853547,6,67749,84874,138800,-1,5,slab
321,14853549,14853548,6,67759,84844,138850,-1,5,slab
322,14853556,14853549,6,67735,84819,138900,-1,5,slab
323,14853558,14853556,6,67738,84819,138950,-1,5,end
324,14853569,14853527,6,68000,85132,138750,-1,5,slab
325,14853570,14853569,6,68037,85139,138800,-1,5,slab
326,14853571,14853570,6,68075,85146,138850,-1,5,slab
327,14853572,14853571,6,68101,85139,138900,-1,5,slab
328,14853573,14853572,6,68127,85132,138950,-1,5,slab
329,14853574,14853573,6,68153,85125,139000,-1,5,slab
330,14853589,14853574,6,68153,85129,139050,-1,5,slab
331,14853591,12408643,6,68182,85142,139150,-1,5,slab
332,14853592,14853591,6,68192,85137,139200,-1,5,slab
333,14853593,14853592,6,68202,85133,139250,-1,5,slab
334,14853594,14853593,6,68256,85099,139300,-1,5,slab
335,14853595,14853594,6,68311,85066,139350,-1,5,slab
336,14853596,14853595,6,68365,85032,139400,-1,5,slab
337,14853598,14853596,6,68388,85051,139450,-1,5,slab
338,14853599,14853598,6,68410,85070,139500,-1,5,slab
339,14853600,14853599,6,68432,85089,139550,-1,5,slab
340,14853601,14853600,6,68444,85087,139600,-1,5,slab
341,14853602,14853601,6,68456,85085,139650,-1,5,slab
342,14853603,14853602,6,68468,85083,139700,-1,5,slab
343,14853604,14853603,6,68462,85076,139750,-1,5,slab
344,14853605,14853604,6,68455,85068,139800,-1,5,slab
345,14853606,14853605,6,68449,85061,139850,-1,5,slab
346,14853607,14853606,6,68466,85061,139900,-1,5,end
347,15817741,17988661,6,63555,84462,116200,-1,5,end
348,15218972,15218973,6,63248,85313,124250,-1,5,slab
349,15218973,2951855,6,63141,85222,124300,-1,5,slab
350,15218977,2982520,6,63329,85344,124150,-1,5,slab
351,15218978,15218977,6,63374,85349,124100,-1,5,slab
352,15218979,15218978,6,63419,85353,124050,-1,5,slab
353,15218980,15218979,6,63417,85363,124000,-1,5,slab
354,15218981,15218980,6,63415,85374,123950,-1,5,slab
355,15218982,15218981,6,63413,85384,123900,-1,5,branch
356,15218983,15218982,6,63477,85374,123850,-1,5,slab
357,15218984,15218983,6,63540,85365,123800,-1,5,slab
358,15218985,15218984,6,63641,85338,123750,-1,5,slab
359,15218986,15218982,6,63320,85376,123850,-1,5,slab
360,15218987,15218986,6,63284,85441,123800,-1,5,slab
361,15218988,15218987,6,63288,85464,123750,-1,5,slab
362,15218989,15218988,6,63291,85488,123700,-1,5,slab
363,8034508,15218989,38,63319,85492,123650,-1,5,end
364,15218993,15218985,6,63738,85304,123700,-1,5,slab
365,15218994,15218993,6,63835,85270,123650,-1,5,slab
366,15218997,15218994,6,64107,85142,123650,-1,5,slab
367,15218998,15218997,6,64226,85140,123600,-1,5,branch
368,15219002,15218998,6,64259,85146,123650,-1,5,slab
369,15219003,15219002,6,64292,85152,123700,-1,5,slab
370,15219004,15219003,6,64325,85158,123750,-1,5,slab
371,4204564,15219004,3,64259,85171,123800,-1,5,end
372,15219020,15218998,6,64275,85121,123550,-1,5,slab
373,15219021,15219020,6,64323,85101,123500,-1,5,slab
374,15219025,15219021,6,64350,85064,123450,-1,5,slab
375,15219026,15219025,6,64376,85028,123400,-1,5,slab
376,15219027,15219026,6,64403,84992,123350,-1,5,slab
377,15219028,15219027,6,64439,84960,123300,-1,5,slab
378,15219029,15219028,6,64475,84928,123250,-1,5,end
379,15219035,1512375,6,66079,84284,137350,-1,5,slab
380,15219036,15219035,6,66053,84280,137400,-1,5,slab
381,15219037,15219036,6,66027,84276,137450,-1,5,slab
382,15219038,15219037,6,66002,84272,137500,-1,5,slab
383,15219039,15219038,6,65976,84268,137550,-1,5,slab
384,15219040,15219039,6,65936,84264,137600,-1,5,slab
385,15219041,15219040,6,65896,84259,137650,-1,5,slab
386,15219042,15219041,6,65856,84254,137700,-1,5,slab
387,15219043,15219042,6,65817,84249,137750,-1,5,slab
388,15219044,15219043,6,65800,84257,137800,-1,5,slab
389,15219045,15219044,6,65784,84266,137850,-1,5,slab
390,15219046,15219045,6,65768,84274,137900,-1,5,slab
391,15219047,15219046,6,65752,84282,137950,-1,5,slab
392,15219048,15219047,6,65745,84301,138000,-1,5,slab
393,15219049,15219048,6,65739,84321,138050,-1,5,slab
394,15219050,15219049,6,65732,84340,138100,-1,5,slab
395,15219051,15219050,6,65725,84360,138150,-1,5,slab
396,15219052,15219051,6,65680,84430,138200,-1,5,slab
397,15219053,15219052,6,65725,84415,138250,-1,5,slab
398,15219054,15219053,6,65770,84400,138300,-1,5,slab
399,15219055,15219054,6,65815,84386,138350,-1,5,slab
400,15219056,15219055,6,65860,84371,138400,-1,5,slab
401,15219061,15219056,6,65914,84380,138450,-1,5,branch
402,15219062,15219061,6,65969,84390,138500,-1,5,slab
403,15219063,15219062,6,66128,84352,138550,-1,5,slab
404,15219064,15219063,6,66178,84299,138600,-1,5,slab
405,15219068,15219061,6,65745,84635,138450,-1,5,slab
406,15219069,15219068,6,65786,84734,138500,-1,5,slab
407,15219070,15219069,6,65741,84707,138550,-1,5,slab
408,15219075,15219064,6,66204,84282,138650,-1,5,slab
409,15219076,15219075,6,66231,84265,138700,-1,5,slab
410,15219077,15219076,6,66257,84247,138750,-1,5,slab
411,15219078,15219077,6,66311,84229,138800,-1,5,slab
412,15219079,15219078,6,66364,84211,138850,-1,5,slab
413,15219080,15219079,6,66418,84193,138900,-1,5,slab
414,15219081,15219080,6,66472,84174,138950,-1,5,slab
415,15219082,15219081,6,66525,84156,139000,-1,5,slab
416,15219083,15219082,6,66533,84128,139050,-1,5,slab
417,15219084,15219083,6,66541,84099,139100,-1,5,slab
418,15219085,15219084,6,66549,84071,139150,-1,5,slab
419,15219086,15219085,6,66558,84042,139200,-1,5,slab
420,15219088,15219086,6,66540,83997,139250,-1,5,slab
421,15219089,15219088,6,66523,83951,139300,-1,5,branch
422,7671771,15219089,3,66247,83740,139350,-1,5,slab
423,15219091,7671771,6,66217,83611,139400,-1,5,end
424,15219092,15219089,6,66580,83929,139350,-1,5,slab
425,15219093,15219092,6,66636,83907,139400,-1,5,slab
426,15219094,15219093,6,66692,83885,139450,-1,5,slab
427,15219095,15219094,6,66730,83894,139500,-1,5,slab
428,15219096,15219095,6,66768,83904,139550,-1,5,slab
429,15219097,15219096,6,66797,83906,139600,-1,5,slab
430,15219098,15219097,6,66826,83908,139650,-1,5,slab
431,15219099,15219098,6,66855,83911,139700,-1,5,slab
432,15219100,15219099,6,66884,83913,139750,-1,5,slab
433,15219101,15219100,6,66891,83912,139800,-1,5,slab
434,15219102,15219101,6,66897,83912,139850,-1,5,slab
435,15219103,15219102,6,66903,83911,139900,-1,5,slab
436,15219104,15219103,6,66917,83891,139950,-1,5,slab
437,15219105,15219104,6,66930,83871,140000,-1,5,slab
438,15219106,15219105,6,66897,83881,140050,-1,5,slab
439,15219107,15219106,6,66864,83890,140100,-1,5,slab
440,15219108,15219107,6,66831,83900,140150,-1,5,slab
441,15219109,15219108,6,66852,83911,140200,-1,5,slab
442,15219110,15219109,6,66873,83923,140250,-1,5,slab
443,15219111,15219110,6,66894,83934,140300,-1,5,slab
444,15219112,15219111,6,66915,83945,140350,-1,5,slab
445,15219113,15219112,6,66923,83961,140400,-1,5,slab
446,15219114,15219113,6,66931,83976,140450,-1,5,slab
447,15219115,15219114,6,66939,83991,140500,-1,5,slab
448,15219116,15219115,6,66947,84006,140550,-1,5,slab
449,15219117,15219116,6,66933,84016,140600,-1,5,slab
450,15219118,15219117,6,66919,84026,140650,-1,5,slab
451,15219119,15219118,6,66904,84036,140700,-1,5,slab
452,15219120,15219119,6,66890,84046,140750,-1,5,slab
453,15219137,7732967,6,66809,84069,140850,-1,5,slab
454,15219138,15219137,6,66795,84083,140900,-1,5,slab
455,15219139,15219138,6,66782,84097,140950,-1,5,slab
456,15219140,15219139,6,66718,84111,141000,-1,5,slab
457,15219143,2354700,6,66552,84129,141100,-1,5,slab
458,15219144,15219143,6,66501,84119,141150,-1,5,slab
459,15219145,15219144,6,66451,84109,141200,-1,5,slab
460,15219146,15219145,6,66433,84094,141250,-1,5,slab
461,15219147,15219146,6,66415,84079,141300,-1,5,slab
462,15219148,15219147,6,66397,84065,141350,-1,5,slab
463,15219149,15219148,6,66379,84050,141400,-1,5,slab
464,15219150,15219149,6,66331,84037,141450,-1,5,slab
465,15219151,15219150,6,66283,84025,141500,-1,5,slab
466,15219152,15219151,6,66235,84012,141550,-1,5,branch
467,15219153,15219152,6,65898,84181,141500,-1,5,slab
468,15219155,15219153,6,65799,84215,141450,-1,5,slab
469,15219156,15219152,6,66239,84021,141600,-1,5,slab
470,15219157,15219156,6,66243,84030,141650,-1,5,slab
471,15219158,15219157,6,66248,84038,141700,-1,5,slab
472,15219160,15219158,6,66230,84020,141750,-1,5,slab
473,15219161,15219160,6,66212,84002,141800,-1,5,slab
474,15219162,15219161,6,66194,83984,141850,-1,5,slab
475,15219163,15219162,6,66176,83966,141900,-1,5,slab
476,15219165,15219163,6,66121,83940,141950,-1,5,slab
477,15219166,15219165,6,66067,83913,142000,-1,5,slab
478,15219167,15219166,6,66013,83886,142050,-1,5,slab
479,15219168,15219167,6,65959,83860,142100,-1,5,slab
480,15219169,15219168,6,65957,83838,142150,-1,5,slab
481,15219170,15219169,6,65954,83815,142200,-1,5,slab
482,15219171,15219170,6,65952,83793,142250,-1,5,slab
483,15219172,15219171,6,65950,83771,142300,-1,5,slab
484,15219173,15219172,6,65948,83739,142350,-1,5,slab
485,15219174,15219173,6,65947,83708,142400,-1,5,slab
486,15219175,15219174,6,65946,83677,142450,-1,5,slab
487,15219176,15219175,6,65945,83646,142500,-1,5,slab
488,15219177,15219176,6,65944,83615,142550,-1,5,slab
489,15219178,15219177,6,65951,83585,142600,-1,5,slab
490,15219179,15219178,6,65959,83555,142650,-1,5,slab
491,15219180,15219179,6,65967,83525,142700,-1,5,slab
492,15219181,15219180,6,65974,83495,142750,-1,5,slab
493,15219183,15219181,6,65973,83494,142800,-1,5,slab
494,15219194,15219184,6,65980,83432,142900,-1,5,slab
495,15219184,15219183,6,65974,83493,142850,-1,5,branch
496,15219198,15219184,6,66059,83522,142900,-1,5,slab
497,15219199,15219198,6,66143,83550,142950,-1,5,slab
498,15219203,163388,6,66134,83587,143050,-1,5,slab
499,15219204,15219203,6,66176,83617,143100,-1,5,slab
500,15219205,15219204,6,66387,83689,143150,-1,5,slab
501,15219206,15219205,6,66523,83788,143100,-1,5,slab
502,15219207,15219206,6,66660,83886,143050,-1,5,branch
503,15219209,163345,6,66594,84023,142950,-1,5,slab
504,15219210,15219209,6,66590,84048,142900,-1,5,slab
505,15219212,15219207,6,66875,83845,143100,-1,5,slab
506,15219213,15219212,6,66988,83839,143150,-1,5,slab
507,15219214,15219213,6,67101,83833,143200,-1,5,slab
508,15219216,15219214,6,67174,83838,143250,-1,5,slab
509,15219217,15219216,6,67247,83843,143300,-1,5,slab
510,15219218,15219217,6,67326,83782,143350,-1,5,slab
511,15219219,15219218,6,67405,83721,143400,-1,5,slab
512,15219195,15219194,6,65989,83373,142950,-1,5,slab
513,15219222,15219195,6,65962,83297,143000,-1,5,slab
514,15219223,15219222,6,65934,83221,143050,-1,5,slab
515,15219224,15219223,6,66096,82967,143050,-1,5,slab
516,15219225,15219224,6,66247,82814,143100,-1,5,slab
517,15219226,15219225,6,66398,82661,143150,-1,5,slab
518,15219229,15219226,6,66444,82566,143200,-1,5,slab
519,15219230,15219229,6,66502,82501,143250,-1,5,slab
520,15219231,15219230,6,66518,82474,143300,-1,5,slab
521,15219232,15219231,6,66534,82447,143350,-1,5,slab
522,15219233,15219232,6,66550,82420,143400,-1,5,slab
523,15219234,15219233,6,66559,82410,143450,-1,5,slab
524,15219235,15219234,6,66569,82401,143500,-1,5,slab
525,15219236,15219235,6,66578,82391,143550,-1,5,slab
526,15219237,15219236,6,66592,82385,143600,-1,5,slab
527,15219238,15219237,6,66605,82378,143650,-1,5,slab
528,15219239,15219238,6,66520,82570,143700,-1,5,slab
529,15219240,15219239,6,66599,82347,143750,-1,5,slab
530,15219241,15219240,6,66596,82380,143800,-1,5,slab
531,15219242,15219241,6,66593,82412,143850,-1,5,slab
532,15219243,15219242,6,66590,82444,143900,-1,5,slab
533,15219244,15219243,6,66581,82453,143950,-1,5,slab
534,15219245,15219244,6,66573,82461,144000,-1,5,slab
535,15219246,15219155,6,65776,84225,141400,-1,5,slab
536,4906620,15219246,3,65778,84261,141350,-1,5,slab
537,15219248,4906620,6,65789,84277,141300,-1,5,slab
538,15219249,15219248,6,65800,84294,141250,-1,5,slab
539,15219250,15219249,6,65812,84310,141200,-1,5,slab
540,15219251,15219250,6,65798,84394,141150,-1,5,slab
541,15219252,15219251,6,65844,84367,141100,-1,5,slab
542,15219253,15219252,6,65854,84375,141050,-1,5,slab
543,15219254,15219253,6,65864,84382,141000,-1,5,slab
544,15219255,15219254,6,65874,84390,140950,-1,5,slab
545,15219256,15219255,6,65905,84468,140900,-1,5,slab
546,15219257,15219256,6,65935,84546,140850,-1,5,end
547,15219258,15219210,6,66598,84141,142850,-1,5,slab
548,15219259,15219258,6,66568,84183,142800,-1,5,slab
549,15219260,15219259,6,66538,84225,142750,-1,5,end
550,15219261,15219219,6,67430,83661,143450,-1,5,slab
551,15219262,15219261,6,67455,83601,143500,-1,5,slab
552,15219263,15219262,6,67457,83550,143550,-1,5,slab
553,15219264,15219263,6,67459,83499,143600,-1,5,slab
554,15219265,15219264,6,67413,83414,143650,-1,5,slab
555,15219266,15219265,6,67366,83330,143700,-1,5,slab
556,15219267,15219266,6,67377,83334,143750,-1,5,slab
557,15219268,15219267,6,67389,83339,143800,-1,5,slab
558,15219269,15219268,6,67400,83343,143850,-1,5,slab
559,15219270,15219269,6,67395,83332,143900,-1,5,slab
560,15219271,15219270,6,67390,83322,143950,-1,5,slab
561,15219272,15219271,6,67385,83311,144000,-1,5,end
562,15405104,2959538,6,62026,86857,121700,-1,5,slab
563,15405105,15405104,6,61999,86867,121650,-1,5,slab
564,15405106,15405105,6,61971,86877,121600,-1,5,slab
565,15405107,15405106,6,61944,86888,121550,-1,5,slab
566,15405108,15405107,6,61916,86898,121500,-1,5,slab
567,15405110,15405108,6,62002,86953,121450,-1,5,slab
568,15405111,15405110,6,62087,87008,121400,-1,5,slab
569,15405112,15405111,6,62173,87063,121350,-1,5,slab
570,15405113,15405112,6,62258,87118,121300,-1,5,slab
571,1938471,17989725,6,64349,86602,112250,-1,5,end
572,2796578,21735702,3,66152,86351,119850,-1,5,slab
573,2960794,2960793,21,66653,85874,131250,-1,5,slab
574,2960796,2960795,21,66629,85908,131350,-1,5,slab
575,2354700,15219140,16,66602,84139,141050,-1,5,slab
576,2262414,17989818,16,63541,83605,115750,-1,5,slab
577,1116413,61824500,3,66899,82251,145200,-1,5,slab
578,1116591,61824492,3,66800,82224,146350,-1,5,slab
579,2443942,3588677,16,64550,85764,128650,-1,5,slab
580,2355519,14853359,16,64630,84941,133900,-1,5,slab
581,2358139,17988659,16,63650,84257,116050,-1,5,end
582,2356087,14853281,16,63691,84603,130100,-1,5,slab
583,163345,15219207,3,66598,83999,143000,-1,5,slab
584,163388,15219199,3,66093,83558,143000,-1,5,slab
585,754008,2960657,3,67035,85636,130450,-1,5,slab
586,1116759,61823344,3,66929,82368,147050,-1,5,slab
587,1148606,1148604,3,38706,63642,61150,-1,5,slab
588,1154894,1154888,3,37661,62707,60550,-1,5,slab
589,1155178,1155170,3,33622,60978,58650,-1,5,slab
590,1155722,1155716,3,29225,57372,57350,-1,5,slab
591,1157970,1157762,3,28568,57307,57700,-1,5,slab
592,1157973,1157970,3,28557,57292,57650,-1,5,slab
593,1158398,1158388,3,25931,50692,55800,-1,5,slab
594,2914376,14853312,16,63912,84618,131650,-1,5,slab
595,1512063,15219070,3,65762,84686,138600,-1,5,end
596,1512366,14853429,3,66279,84352,137050,-1,5,slab
597,1512375,14853438,3,66104,84287,137300,-1,5,slab
598,1512677,14853351,3,64470,84861,133550,-1,5,slab
599,2943841,2943840,21,62479,82724,129850,-1,5,slab
600,2943855,2943842,21,62483,82724,129950,-1,5,slab
601,2943857,2943855,21,62483,82735,130000,-1,5,slab
602,2943858,2943857,21,62483,82746,130050,-1,5,slab
603,2943859,2943858,21,62567,82716,130100,-1,5,slab
604,2943860,2943859,21,62561,82724,130150,-1,5,slab
605,2943862,2943861,21,62570,82689,130250,-1,5,slab
606,2943863,2943862,21,62586,82648,130300,-1,5,slab
607,2943864,2943863,21,62606,82612,130350,-1,5,slab
608,2943865,2943864,21,62627,82575,130400,-1,5,slab
609,2943876,2943865,21,62654,82594,130450,-1,5,slab
610,2952240,2952238,21,65542,85036,126750,-1,5,slab
611,2952241,2952240,21,65570,85068,126800,-1,5,slab
612,2952242,2952241,21,65662,85120,126850,-1,5,slab
613,2952243,2952242,21,65753,85171,126900,-1,5,slab
614,2952245,2952243,21,65810,85197,126950,-1,5,slab
615,2952246,2952245,21,65867,85224,127000,-1,5,slab
616,2952248,2952246,21,66099,85323,127050,-1,5,branch
617,2952249,2952248,21,66116,85315,127100,-1,5,slab
618,2943928,2943920,21,62667,82511,130550,-1,5,slab
619,2943929,2943928,21,62665,82469,130600,-1,5,end
620,2952258,2952257,21,66026,85365,127250,-1,5,slab
621,2960333,2960312,21,66460,85251,129500,-1,5,slab
622,2960334,2960333,21,66500,85197,129550,-1,5,slab
623,2952270,2952248,21,66190,85346,127050,-1,5,slab
624,2952271,2952270,21,66311,85315,127000,-1,5,slab
625,2960343,2960334,21,66505,85131,129600,-1,5,slab
626,2960344,2960343,21,66511,85064,129650,-1,5,slab
627,2952276,2952271,21,66329,85283,126950,-1,5,slab
628,2952277,2952276,21,66346,85251,126900,-1,5,slab
629,2952278,2952277,21,66368,85268,126850,-1,5,slab
630,2952279,2952278,21,66391,85285,126800,-1,5,slab
631,2959429,2959430,21,62423,85699,122500,-1,5,slab
632,2959428,2959429,21,62426,85686,122550,-1,5,slab
633,2959427,2959428,21,62429,85674,122600,-1,5,slab
634,2959432,2959433,21,62415,85737,122350,-1,5,slab
635,2959431,2959432,21,62417,85724,122400,-1,5,slab
636,2959430,2959431,21,62420,85712,122450,-1,5,slab
637,2959434,2959437,21,62396,85805,122250,-1,5,branch
638,2959433,2959434,21,62405,85771,122300,-1,5,slab
639,2959436,2959434,21,62384,85577,122250,-1,5,slab
640,2949000,2949001,21,63319,84612,127450,-1,5,slab
641,2949001,2951718,21,63015,84783,127450,-1,5,branch
642,2959437,2959441,21,62361,86079,122250,-1,5,slab
643,2949006,2943701,21,63327,84342,127400,-1,5,slab
644,2949009,2949006,21,63387,84278,127350,-1,5,slab
645,2949011,2949009,21,63387,84278,127300,-1,5,slab
646,2949018,2949011,21,63381,84279,127250,-1,5,slab
647,2949019,2949018,21,63375,84280,127200,-1,5,slab
648,2949020,2949019,21,63368,84282,127150,-1,5,slab
649,2959441,2959442,21,62333,86144,122200,-1,5,slab
650,2959442,2959485,21,62304,86208,122150,-1,5,slab
651,2954779,2949020,21,63353,84255,127100,-1,5,slab
652,2954780,2954779,21,63338,84228,127050,-1,5,slab
653,2954781,2954780,21,63323,84202,127000,-1,5,slab
654,2954782,2954781,21,63349,84199,126950,-1,5,slab
655,2954783,2954782,21,63376,84197,126900,-1,5,slab
656,2954784,2954783,21,63403,84194,126850,-1,5,slab
657,2954785,2954784,21,63395,84251,126800,-1,5,slab
658,2954818,2954785,21,63467,84206,126750,-1,5,branch
659,2954819,2954818,21,63311,84027,126750,-1,5,slab
660,2954820,2954819,21,62973,83864,126750,-1,5,slab
661,2954821,2954818,21,63456,84246,126700,-1,5,slab
662,2954822,2954821,21,63444,84285,126650,-1,5,slab
663,2959486,2959490,21,62206,86296,122050,-1,5,slab
664,2959485,2959486,21,62255,86252,122100,-1,5,slab
665,2954825,2954822,21,63378,84291,126600,-1,5,slab
666,2954826,2954825,21,63311,84297,126550,-1,5,slab
667,2954828,2954826,21,63308,84289,126500,-1,5,slab
668,2954830,2954828,21,63306,84327,126450,-1,5,slab
669,2954831,2954830,21,63304,84365,126400,-1,5,slab
670,2959491,2959498,21,62152,86425,121950,-1,5,slab
671,2959490,2959491,21,62179,86360,122000,-1,5,slab
672,2959498,2959506,21,62149,86721,121900,-1,5,slab
673,2949139,2943851,21,62177,82898,129700,-1,5,slab
674,2949140,2949139,21,62105,82917,129650,-1,5,slab
675,2949143,2949140,21,62080,82919,129600,-1,5,slab
676,2949144,2949143,21,62055,82921,129550,-1,5,slab
677,2949153,2949144,21,61974,82935,129500,-1,5,slab
678,2949154,2949153,21,61892,82948,129450,-1,5,slab
679,2949158,2949154,21,61869,82978,129400,-1,5,slab
680,2949159,2949158,21,61835,83066,129350,-1,5,slab
681,2949161,2949159,21,61843,83085,129300,-1,5,slab
682,2949164,2949161,21,61835,83115,129250,-1,5,slab
683,2949165,2949164,21,61835,83126,129200,-1,5,slab
684,2959507,2959538,21,62122,86767,121800,-1,5,slab
685,2959506,2959507,21,62135,86744,121850,-1,5,slab
686,2949168,2949165,21,61835,83126,129150,-1,5,slab
687,2949170,2949168,21,61789,83134,129100,-1,5,slab
688,2949171,2949170,21,61687,83202,129050,-1,5,end
689,2959538,2959541,21,62054,86847,121750,-1,5,branch
690,2959539,2959538,21,61066,87173,121700,-1,5,slab
691,2959541,2962452,21,62643,86972,121750,-1,5,slab
692,2959542,2959539,21,60876,87295,121750,-1,5,slab
693,2959543,2959542,21,60686,87417,121800,-1,5,slab
694,2960646,2960645,21,66876,85482,130250,-1,5,slab
695,2959544,2959543,21,60608,87420,121850,-1,5,slab
696,2959545,2959544,21,60530,87424,121900,-1,5,slab
697,2959546,2959545,21,60433,87445,121950,-1,5,slab
698,2959547,2959546,21,60336,87466,122000,-1,5,slab
699,2960697,2960696,21,66731,85802,130900,-1,5,slab
700,2959549,2959547,21,60239,87462,122050,-1,5,slab
701,2959550,2959549,21,60142,87458,122100,-1,5,slab
702,2959552,2959550,21,59988,87403,122150,-1,5,slab
703,2959553,2959552,21,59834,87348,122200,-1,5,slab
704,2960650,2960647,21,66902,85505,130350,-1,5,slab
705,2960651,2960650,21,66906,85513,130400,-1,5,slab
706,2960702,2960699,21,66712,85836,131050,-1,5,slab
707,2959558,2959553,21,59698,87107,122250,-1,5,slab
708,2959559,2959558,21,59561,86866,122300,-1,5,slab
709,2960703,2960702,21,66712,85836,131100,-1,5,slab
710,2960704,2960703,21,66712,85836,131150,-1,5,slab
711,2960657,2960651,21,66952,85577,130450,-1,5,branch
712,2960489,2960344,21,66553,85254,129650,-1,5,slab
713,2959564,2959559,21,58706,86375,122300,-1,5,slab
714,2960660,2960657,21,66967,85604,130500,-1,5,slab
715,2960661,2960660,21,66982,85631,130550,-1,5,slab
716,2949364,2961549,21,62871,83896,126600,-1,5,end
717,2959572,2959564,21,58493,86398,122250,-1,5,slab
718,2960497,2960489,21,66564,85277,129700,-1,5,slab
719,2959576,2959572,21,58379,86368,122200,-1,5,slab
720,2959577,2959576,21,58265,86265,122150,-1,5,slab
721,2951719,2951720,21,62994,84802,127350,-1,5,slab
722,2951718,2951719,21,63004,84793,127400,-1,5,slab
723,2951721,2951722,21,62880,84912,127250,-1,5,slab
724,2951720,2951721,21,62937,84857,127300,-1,5,slab
725,2951723,2951724,21,62880,84912,127150,-1,5,slab
726,2951722,2951723,21,62880,84912,127200,-1,5,slab
727,2951725,2951726,21,62880,84912,127050,-1,5,slab
728,2951724,2951725,21,62880,84912,127100,-1,5,slab
729,2951727,2951728,21,62880,84897,126950,-1,5,slab
730,2951726,2951727,21,62880,84905,127000,-1,5,slab
731,2951729,2951748,21,62918,84920,126850,-1,5,slab
732,2951728,2951729,21,62848,84922,126900,-1,5,slab
733,2951751,2951768,21,62701,85038,126650,-1,5,slab
734,2951750,2951751,21,62787,84945,126700,-1,5,slab
735,2951769,2951771,21,62895,84985,126550,-1,5,slab
736,2951768,2951769,21,62798,85011,126600,-1,5,slab
737,2951772,2951774,21,62895,84886,126450,-1,5,slab
738,2951771,2951772,21,62895,84935,126500,-1,5,slab
739,2959601,2959600,21,57958,86149,122050,-1,5,slab
740,2959602,2959601,21,57805,86090,122000,-1,5,slab
741,2960507,2960503,21,66682,85505,129800,-1,5,slab
742,2951775,2951776,21,62956,84874,126350,-1,5,slab
743,2951774,2951775,21,62926,84880,126400,-1,5,slab
744,2951777,2951779,21,62956,84882,126250,-1,5,slab
745,2951776,2951777,21,62956,84878,126300,-1,5,slab
746,2951780,2951781,21,62971,84886,126150,-1,5,slab
747,2951779,2951780,21,62964,84884,126200,-1,5,slab
748,2951782,2951784,21,62979,84886,126050,-1,5,slab
749,2951781,2951782,21,62975,84886,126100,-1,5,slab
750,2951785,2951788,21,62994,84897,125950,-1,5,slab
751,2951784,2951785,21,62986,84892,126000,-1,5,slab
752,2951789,2951803,21,63002,84947,125850,-1,5,slab
753,2951788,2951789,21,62998,84922,125900,-1,5,slab
754,2951814,2951815,21,63047,85064,125650,-1,5,slab
755,2951813,2951814,21,63053,85026,125700,-1,5,slab
756,2951817,2951818,21,63087,85127,125500,-1,5,slab
757,2951820,2951822,21,63078,85178,125350,-1,5,slab
758,2951819,2951820,21,63095,85150,125400,-1,5,slab
759,2959620,2959602,21,56464,85406,122000,-1,5,slab
760,2951823,2951824,21,63013,85243,125250,-1,5,slab
761,2951822,2951823,21,63045,85211,125300,-1,5,slab
762,2951825,2951835,21,63032,85296,125150,-1,5,slab
763,2951824,2951825,21,63023,85270,125200,-1,5,slab
764,2951836,2951837,21,63036,85327,125050,-1,5,slab
765,2951835,2951836,21,63034,85311,125100,-1,5,slab
766,2951838,2951841,21,63062,85349,124950,-1,5,slab
767,2951837,2951838,21,63049,85338,125000,-1,5,slab
768,2951842,2951843,21,63055,85353,124850,-1,5,slab
769,2951841,2951842,21,63059,85351,124900,-1,5,slab
770,2951844,2951845,21,63055,85353,124750,-1,5,slab
771,2951843,2951844,21,63055,85353,124800,-1,5,slab
772,2951846,2951847,21,63024,85410,124650,-1,5,slab
773,2951845,2951846,21,63040,85382,124700,-1,5,slab
774,2951848,2951850,21,62986,85433,124550,-1,5,slab
775,2951847,2951848,21,63005,85422,124600,-1,5,slab
776,2951851,2951854,21,62964,85441,124450,-1,5,slab
777,2951850,2951851,21,62975,85437,124500,-1,5,slab
778,2959662,2959620,21,55605,84931,122050,-1,5,slab
779,2951855,2951859,21,62964,85441,124350,-1,5,branch
780,2951854,2951855,21,62964,85441,124400,-1,5,slab
781,2959663,2959662,21,55519,84878,122100,-1,5,slab
782,2959664,2959663,21,55434,84825,122150,-1,5,slab
783,2951860,2951866,21,62853,85509,124250,-1,5,slab
784,2951859,2951860,21,62909,85475,124300,-1,5,slab
785,2959665,2959664,21,55419,84785,122200,-1,5,slab
786,2959666,2959665,21,55404,84745,122250,-1,5,slab
787,2951867,2951871,21,62853,85509,124150,-1,5,slab
788,2951866,2951867,21,62853,85509,124200,-1,5,slab
789,2951872,2951873,21,62785,85524,124050,-1,5,slab
790,2951871,2951872,21,62819,85517,124100,-1,5,slab
791,2951874,2951880,21,62785,85524,123950,-1,5,slab
792,2951873,2951874,21,62785,85524,124000,-1,5,slab
793,2951881,2951886,21,62705,85463,123850,-1,5,slab
794,2951880,2951881,21,62745,85494,123900,-1,5,slab
795,2951887,2951888,21,62705,85463,123750,-1,5,slab
796,2951886,2951887,21,62705,85463,123800,-1,5,slab
797,2951888,2951889,21,62705,85463,123700,-1,5,slab
798,2951901,2951902,21,62679,85475,123450,-1,5,slab
799,2951900,2951901,21,62679,85475,123500,-1,5,slab
800,2951903,2951904,21,62644,85479,123350,-1,5,slab
801,2951902,2951903,21,62662,85477,123400,-1,5,slab
802,2951910,2951911,21,62561,85494,123100,-1,5,slab
803,2951911,2951916,21,62542,85498,123050,-1,5,slab
804,2951917,2951918,21,62542,85498,122950,-1,5,slab
805,2951916,2951917,21,62542,85498,123000,-1,5,slab
806,2951918,2951919,21,62542,85498,122900,-1,5,slab
807,2951922,2951925,21,62542,85498,122750,-1,5,slab
808,2951921,2951922,21,62542,85498,122800,-1,5,slab
809,2951925,2951926,21,62479,85511,122700,-1,5,slab
810,2951927,2951926,21,62120,85163,122650,-1,5,branch
811,2951932,2951927,21,62202,85064,122600,-1,5,branch
812,2951933,2951932,21,62283,84966,122550,-1,5,slab
813,2951939,2959427,21,62432,85661,122650,-1,5,slab
814,2959682,2959666,21,55362,84692,122300,-1,5,branch
815,2951955,2951933,21,62458,84601,122500,-1,5,slab
816,2951956,2951955,21,62682,84422,122450,-1,5,slab
817,2959690,2959682,21,55259,84620,122350,-1,5,end
818,2951958,2951956,21,62796,84441,122500,-1,5,slab
819,2951959,2951958,21,62910,84424,122550,-1,5,slab
820,2951960,2951959,21,63024,84407,122600,-1,5,slab
821,2951961,2951960,21,63087,84422,122650,-1,5,slab
822,2951962,2951961,21,63150,84437,122700,-1,5,slab
823,2960217,2960215,21,66034,85342,127400,-1,5,branch
824,2951963,2951962,21,63186,84436,122750,-1,5,slab
825,2951967,2951966,21,63408,84354,122950,-1,5,slab
826,2951968,2951967,21,63473,84323,123000,-1,5,slab
827,2951970,2951968,21,63503,84244,123050,-1,5,branch
828,2951973,2951971,21,63625,84192,123150,-1,5,slab
829,2951974,2951973,21,63716,84221,123200,-1,5,branch
830,2951975,2951974,21,64161,84206,123250,-1,5,slab
831,2951980,2951975,21,64296,84141,123300,-1,5,slab
832,2951981,2951980,21,64430,84076,123350,-1,5,slab
833,2960226,2960217,21,65956,85125,127400,-1,5,slab
834,2960229,2960217,21,66018,85359,127450,-1,5,slab
835,2951995,2951974,21,63568,84061,123200,-1,5,slab
836,2951996,2951995,21,63594,84023,123250,-1,5,slab
837,2951997,2951996,21,63621,83985,123300,-1,5,slab
838,2952003,2951997,21,63657,83989,123350,-1,5,slab
839,2952004,2952003,21,63693,83993,123400,-1,5,slab
840,2960230,2960229,21,66002,85376,127500,-1,5,slab
841,2952006,2952004,21,63760,84040,123450,-1,5,slab
842,2952007,2952006,21,63826,84088,123500,-1,5,slab
843,2952010,2952007,21,63832,84095,123550,-1,5,slab
844,2952011,2952010,21,63838,84103,123600,-1,5,slab
845,2952030,2952011,21,63917,84149,123650,-1,5,slab
846,2952031,2952030,21,63997,84194,123700,-1,5,slab
847,2960233,2960230,21,65985,85382,127550,-1,5,slab
848,2960234,2960233,21,65968,85387,127600,-1,5,slab
849,2960236,2960234,21,65968,85405,127650,-1,5,slab
850,2960237,2960236,21,65968,85422,127700,-1,5,slab
851,2960238,2960237,21,65968,85424,127750,-1,5,slab
852,2960239,2960238,21,65968,85425,127800,-1,5,slab
853,2943686,2943701,21,63156,83803,127450,-1,5,slab
854,2952076,2952031,21,64018,84173,123750,-1,5,slab
855,2952077,2952076,21,64039,84152,123800,-1,5,slab
856,2952078,2952077,21,64045,84152,123850,-1,5,slab
857,2952079,2952078,21,64050,84152,123900,-1,5,slab
858,2943692,2943686,21,63152,83712,127500,-1,5,slab
859,2952080,2952079,21,64066,84141,123950,-1,5,slab
860,2952081,2952080,21,64081,84130,124000,-1,5,slab
861,2959787,2951981,21,64487,84032,123400,-1,5,slab
862,2959788,2959787,21,64543,83988,123450,-1,5,slab
863,2959789,2959788,21,64600,83943,123500,-1,5,slab
864,2952085,2952081,21,64090,84139,124050,-1,5,slab
865,2952086,2952085,21,64100,84149,124100,-1,5,slab
866,2959790,2959789,21,64725,83980,123550,-1,5,slab
867,2959791,2959790,21,64850,84016,123600,-1,5,slab
868,2960247,2960241,21,65977,85490,127950,-1,5,slab
869,2960248,2960247,21,65987,85509,128000,-1,5,slab
870,2943701,2949000,21,63349,84289,127450,-1,5,branch
871,2952089,2952086,21,64142,84209,124150,-1,5,slab
872,2943710,2943709,21,62977,83373,127700,-1,5,slab
873,2952090,2952089,21,64183,84270,124200,-1,5,slab
874,2959792,2959791,21,64923,83997,123650,-1,5,end
875,2960249,2960248,21,66049,85517,128050,-1,5,slab
876,2960250,2960249,21,66112,85524,128100,-1,5,slab
877,2952091,2952090,21,64201,84249,124250,-1,5,slab
878,2952092,2952091,21,64218,84228,124300,-1,5,slab
879,2943716,2943710,21,62956,83343,127750,-1,5,slab
880,2943717,2943716,21,62935,83313,127800,-1,5,slab
881,2952096,2952092,21,64246,84301,124350,-1,5,slab
882,2952097,2952096,21,64275,84373,124400,-1,5,slab
883,2960254,2960250,21,66112,85524,128150,-1,5,slab
884,2960255,2960254,21,66112,85524,128200,-1,5,slab
885,2952100,2952097,21,64292,84380,124450,-1,5,slab
886,2952101,2952100,21,64309,84388,124500,-1,5,slab
887,2952102,2952101,21,64400,84424,124550,-1,5,slab
888,2952103,2952102,21,64491,84460,124600,-1,5,slab
889,2960258,2960255,21,66163,85520,128250,-1,5,slab
890,2960259,2960258,21,66215,85517,128300,-1,5,slab
891,2952104,2952103,21,64525,84475,124650,-1,5,slab
892,2952105,2952104,21,64560,84491,124700,-1,5,slab
893,2943747,2943717,21,62929,83261,127850,-1,5,slab
894,2943748,2943747,21,62924,83210,127900,-1,5,slab
895,2952107,2952105,21,64579,84523,124750,-1,5,slab
896,2952108,2952107,21,64598,84555,124800,-1,5,slab
897,2960535,2960507,21,66682,85505,129850,-1,5,slab
898,2960536,2960535,21,66682,85505,129900,-1,5,slab
899,2943752,2943748,21,62924,83210,127950,-1,5,slab
900,2943753,2943752,21,62924,83210,128000,-1,5,slab
901,2960266,2960259,21,66225,85507,128350,-1,5,slab
902,2960267,2960266,21,66235,85496,128400,-1,5,slab
903,2960268,2960267,21,66245,85486,128450,-1,5,slab
904,2943759,2943753,21,62882,83180,128050,-1,5,slab
905,2952114,2952108,21,64647,84584,124850,-1,5,slab
906,2952115,2952114,21,64696,84612,124900,-1,5,slab
907,2960689,2960681,21,66792,85737,130700,-1,5,slab
908,2943761,2943759,21,62871,83155,128100,-1,5,slab
909,2943762,2943761,21,62859,83130,128150,-1,5,slab
910,2952118,2952115,21,64677,84616,124950,-1,5,slab
911,2952119,2952118,21,64658,84620,125000,-1,5,slab
912,2943764,2943762,21,62779,83096,128200,-1,5,slab
913,2952122,2952119,21,64658,84635,125050,-1,5,slab
914,2952123,2952122,21,64658,84650,125100,-1,5,slab
915,2943767,2943764,21,62741,83050,128250,-1,5,slab
916,2952126,2952123,21,64658,84686,125150,-1,5,slab
917,2952127,2952126,21,64658,84722,125200,-1,5,slab
918,2943769,2943767,21,62711,83035,128300,-1,5,slab
919,2952131,2952127,21,64658,84734,125250,-1,5,slab
920,2943777,2943769,21,62654,82978,128350,-1,5,slab
921,2960272,2960268,21,66287,85479,128500,-1,5,slab
922,2960273,2960272,21,66329,85471,128550,-1,5,slab
923,2960641,2960550,21,66720,85391,130000,-1,5,slab
924,2943778,2943777,21,62654,82971,128400,-1,5,slab
925,2952147,2952133,21,64704,84759,125400,-1,5,slab
926,2952148,2952147,21,64750,84760,125450,-1,5,slab
927,2960274,2960273,21,66332,85482,128600,-1,5,slab
928,2960275,2960274,21,66336,85494,128650,-1,5,slab
929,2943779,2943778,21,62654,82971,128450,-1,5,slab
930,2943781,2943779,21,62631,82914,128500,-1,5,slab
931,2952152,2952148,21,64770,84760,125500,-1,5,slab
932,2952153,2952152,21,64790,84760,125550,-1,5,slab
933,2943782,2943781,21,62597,82940,128550,-1,5,slab
934,2952155,2952154,21,64856,84783,125650,-1,5,slab
935,2952156,2952155,21,64902,84806,125700,-1,5,slab
936,2943783,2943782,21,62612,82887,128600,-1,5,slab
937,2952157,2952156,21,64894,84840,125750,-1,5,slab
938,2952158,2952157,21,64886,84874,125800,-1,5,slab
939,2943784,2943783,21,62605,82841,128650,-1,5,slab
940,2952159,2952158,21,64890,84874,125850,-1,5,slab
941,2952160,2952159,21,64894,84874,125900,-1,5,slab
942,2960283,2960282,21,66408,85435,129000,-1,5,slab
943,2960284,2960283,21,66446,85448,129050,-1,5,slab
944,2952161,2952160,21,64933,84882,125950,-1,5,slab
945,2952162,2952161,21,64973,84890,126000,-1,5,slab
946,2952163,2952162,21,65012,84897,126050,-1,5,slab
947,2960290,2960284,21,66446,85437,129100,-1,5,slab
948,2960291,2960290,21,66446,85425,129150,-1,5,slab
949,2952165,2952163,21,65021,84903,126100,-1,5,slab
950,2952166,2952165,21,65031,84909,126150,-1,5,slab
951,2943790,2943784,21,62563,82887,128700,-1,5,slab
952,2943791,2943790,21,62456,82781,128750,-1,5,slab
953,2952169,2952166,21,65056,84901,126200,-1,5,slab
954,2952170,2952169,21,65080,84893,126250,-1,5,slab
955,2943792,2943791,21,62468,82765,128800,-1,5,slab
956,2943793,2943792,21,62470,82771,128850,-1,5,slab
957,2943794,2943793,21,62472,82777,128900,-1,5,slab
958,2960296,2960291,21,66431,85425,129200,-1,5,slab
959,2960297,2960296,21,66416,85425,129250,-1,5,slab
960,2952177,2952170,21,65147,84911,126300,-1,5,branch
961,2952178,2952177,21,65215,84929,126350,-1,5,slab
962,2952179,2952178,21,65282,84947,126400,-1,5,slab
963,2952180,2952179,21,65282,84947,126450,-1,5,slab
964,2952181,2952180,21,65282,84947,126500,-1,5,slab
965,2960311,2960302,21,66418,85365,129400,-1,5,slab
966,2952185,2952177,21,64902,84874,126300,-1,5,slab
967,2952186,2952185,21,64902,84873,126350,-1,5,slab
968,2952188,2952187,21,64867,84893,126450,-1,5,end
969,2960312,2960311,21,66420,85304,129450,-1,5,slab
970,2943822,2943820,21,62616,82811,129150,-1,5,slab
971,2943829,2943827,21,62561,82802,129350,-1,5,slab
972,2943830,2943829,21,62559,82796,129400,-1,5,slab
973,2943832,2943830,21,62561,82792,129450,-1,5,slab
974,2943833,2943832,21,62563,82788,129500,-1,5,slab
975,2943834,2943833,21,62561,82765,129550,-1,5,slab
976,2943836,2943835,21,62540,82733,129650,-1,5,slab
977,2943837,2943836,21,62521,82724,129700,-1,5,slab
978,2960964,2960962,21,66709,85995,131600,-1,5,slab
979,2961542,2952279,21,66281,85228,126750,-1,5,slab
980,2961543,2961542,21,66308,85247,126700,-1,5,end
981,2962393,2959436,21,62337,85574,122200,-1,5,slab
982,2962395,2962393,21,62352,85596,122150,-1,5,slab
983,2962400,2962395,21,62333,85657,122100,-1,5,slab
984,2962405,2962400,21,62329,85741,122050,-1,5,slab
985,2962409,2962405,21,62329,85760,122000,-1,5,slab
986,2962413,2962409,21,62378,85840,121950,-1,5,end
987,2962487,2962498,21,64930,87314,121700,-1,5,slab
988,2962455,2962486,21,63898,87215,121600,-1,5,slab
989,2962454,2962455,21,63327,87091,121650,-1,5,slab
990,2962452,2962454,21,62756,86966,121700,-1,5,slab
991,2962535,2962547,21,68928,87202,122250,-1,5,slab
992,2962534,2962535,21,68928,87202,122200,-1,5,slab
993,2962530,2962534,21,68928,87202,122150,-1,5,slab
994,2962523,2962530,21,68396,87164,122100,-1,5,slab
995,2962521,2962523,21,67529,87156,122050,-1,5,slab
996,2962514,2962521,21,67100,87080,122000,-1,5,slab
997,2962507,2962514,21,66997,87058,121900,-1,5,slab
998,2962500,2962507,21,66921,87044,121850,-1,5,slab
999,2962499,2962500,21,66218,87135,121800,-1,5,branch
1000,2962498,2962499,21,65808,87196,121750,-1,5,slab
1001,2962486,2962487,21,64407,87344,121650,-1,5,slab
1002,2962563,2962548,21,68677,87103,122350,-1,5,slab
1003,2962564,2962563,21,68506,87046,122400,-1,5,slab
1004,2962565,2962564,21,68502,86982,122450,-1,5,slab
1005,2962566,2962565,21,68487,86837,122500,-1,5,slab
1006,2962579,2962566,21,68533,86837,122550,-1,5,slab
1007,2962557,2962594,21,70250,87255,122450,-1,5,slab
1008,2962556,2962557,21,69942,87225,122400,-1,5,slab
1009,2962548,2962556,21,69635,87194,122350,-1,5,branch
1010,2962547,2962548,21,69281,87198,122300,-1,5,slab
1011,2962655,2962696,21,76847,85028,122000,-1,5,branch
1012,2962654,2962655,21,75859,85682,122000,-1,5,slab
1013,2962653,2962654,21,75099,85940,122050,-1,5,slab
1014,2962652,2962653,21,75099,85959,122100,-1,5,slab
1015,2962648,2962652,21,75099,85978,122150,-1,5,slab
1016,2962724,2962725,21,80495,85977,123000,-1,5,slab
1017,2962723,2962724,21,80373,85862,122950,-1,5,slab
1018,2962720,2962723,21,80252,85747,122900,-1,5,slab
1019,2962719,2962720,21,80214,85739,122850,-1,5,slab
1020,2962718,2962719,21,80176,85731,122800,-1,5,slab
1021,2962717,2962718,21,80164,85731,122750,-1,5,slab
1022,2962716,2962717,21,80153,85731,122700,-1,5,slab
1023,2962715,2962716,21,80077,85686,122650,-1,5,slab
1024,2962713,2962715,21,80001,85640,122600,-1,5,slab
1025,2962762,2976424,21,82494,87335,123750,-1,5,slab
1026,2960793,2960704,21,66648,85843,131200,-1,5,slab
1027,2960795,2960794,21,66659,85904,131300,-1,5,slab
1028,2943839,2943837,21,62500,82724,129750,-1,5,slab
1029,2943840,2943839,21,62479,82724,129800,-1,5,branch
1030,2943842,2943841,21,62479,82724,129900,-1,5,slab
1031,2943848,2943840,21,62247,82868,129800,-1,5,slab
1032,2943851,2943848,21,62198,82891,129750,-1,5,slab
1033,2943861,2943860,21,62555,82731,130200,-1,5,slab
1034,2952228,2952181,21,65335,84960,126550,-1,5,slab
1035,2952229,2952228,21,65388,84973,126600,-1,5,slab
1036,2952237,2952229,21,65451,84988,126650,-1,5,slab
1037,2952238,2952237,21,65513,85004,126700,-1,5,slab
1038,2952250,2952249,21,66133,85308,127150,-1,5,slab
1039,2943920,2943876,21,62669,82553,130500,-1,5,slab
1040,2952257,2952250,21,66080,85336,127200,-1,5,slab
1041,2960645,2960644,21,66853,85467,130200,-1,5,slab
1042,2960647,2960646,21,66899,85498,130300,-1,5,slab
1043,2960695,2960694,21,66764,85796,130800,-1,5,slab
1044,2960696,2960695,21,66743,85802,130850,-1,5,slab
1045,2960698,2960697,21,66720,85802,130950,-1,5,slab
1046,2960699,2960698,21,66701,85805,131000,-1,5,slab
1047,2960503,2960497,21,66614,85456,129750,-1,5,slab
1048,2959600,2959577,21,58112,86207,122100,-1,5,slab
1049,2960680,2960661,21,66918,85657,130600,-1,5,slab
1050,2960681,2960680,21,66853,85684,130650,-1,5,slab
1051,2960214,2952258,21,66033,85355,127300,-1,5,slab
1052,2960215,2960214,21,66040,85346,127350,-1,5,slab
1053,2951964,2951963,21,63222,84434,122800,-1,5,slab
1054,2951965,2951964,21,63283,84409,122850,-1,5,slab
1055,2951966,2951965,21,63344,84384,122900,-1,5,slab
1056,2951971,2951970,21,63534,84164,123100,-1,5,slab
1057,2960240,2960239,21,65968,85448,127850,-1,5,slab
1058,2960241,2960240,21,65968,85471,127900,-1,5,slab
1059,2943707,2943692,21,63106,83658,127550,-1,5,slab
1060,2943708,2943707,21,63080,83569,127600,-1,5,slab
1061,2943709,2943708,21,63053,83480,127650,-1,5,slab
1062,2952132,2952131,21,64658,84745,125300,-1,5,slab
1063,2952133,2952132,21,64658,84757,125350,-1,5,slab
1064,2952154,2952153,21,64810,84760,125600,-1,5,slab
1065,2960277,2960275,21,66332,85477,128700,-1,5,slab
1066,2960278,2960277,21,66329,85460,128750,-1,5,slab
1067,2960279,2960278,21,66327,85458,128800,-1,5,slab
1068,2960280,2960279,21,66325,85456,128850,-1,5,slab
1069,2960550,2960536,21,66724,85467,129950,-1,5,slab
1070,2960642,2960641,21,66741,85422,130050,-1,5,slab
1071,2960643,2960642,21,66762,85452,130100,-1,5,slab
1072,2960694,2960689,21,66785,85790,130750,-1,5,slab
1073,2960281,2960280,21,66348,85439,128900,-1,5,slab
1074,2960282,2960281,21,66370,85422,128950,-1,5,slab
1075,2960644,2960643,21,66807,85460,130150,-1,5,slab
1076,2960301,2960297,21,66416,85425,129300,-1,5,slab
1077,2960302,2960301,21,66416,85425,129350,-1,5,slab
1078,2943805,2943794,21,62477,82790,128950,-1,5,slab
1079,2943806,2943805,21,62483,82803,129000,-1,5,slab
1080,2952187,2952186,21,64902,84871,126400,-1,5,slab
1081,2943819,2943806,21,62549,82807,129050,-1,5,slab
1082,2943820,2943819,21,62616,82811,129100,-1,5,slab
1083,2943823,2943822,21,62616,82811,129200,-1,5,slab
1084,2943826,2943823,21,62589,82809,129250,-1,5,slab
1085,2943827,2943826,21,62563,82807,129300,-1,5,slab
1086,2943835,2943834,21,62559,82743,129600,-1,5,slab
1087,2960931,2960796,21,66625,85923,131400,-1,5,slab
1088,2960932,2960931,21,66621,85938,131450,-1,5,slab
1089,2960961,2960932,21,66665,85967,131500,-1,5,slab
1090,2960962,2960961,21,66709,85995,131550,-1,5,slab
1091,2960965,2960964,21,66709,85995,131650,-1,5,slab
1092,2960967,2960965,21,66693,85999,131700,-1,5,slab
1093,2960968,2960967,21,66678,86003,131750,-1,5,slab
1094,2960983,2960968,21,66678,86003,131800,-1,5,slab
1095,2960984,2960983,21,66678,86003,131850,-1,5,slab
1096,2960985,2960984,21,66653,86033,131900,-1,5,slab
1097,2960986,2960985,21,66629,86064,131950,-1,5,slab
1098,2960987,2960986,21,66612,86079,132000,-1,5,slab
1099,2960988,2960987,21,66576,86174,132050,-1,5,slab
1100,2961024,2960988,21,66633,86212,132100,-1,5,slab
1101,2961029,2961024,21,66568,86280,132150,-1,5,branch
1102,2961030,2961029,21,66370,86607,132150,-1,5,slab
1103,2961037,2961029,21,66655,86163,132200,-1,5,slab
1104,2961039,2961037,21,66655,86151,132250,-1,5,slab
1105,2961040,2961039,21,66655,86140,132300,-1,5,slab
1106,2961044,2961040,21,66587,86174,132350,-1,5,slab
1107,2961045,2961044,21,66431,85946,132350,-1,5,branch
1108,2961047,2961045,21,66230,85965,132350,-1,5,slab
1109,2961108,2961045,21,66389,85927,132400,-1,5,slab
1110,2961112,2961108,21,66397,85878,132450,-1,5,end
1111,2961548,2954820,21,62949,83885,126700,-1,5,slab
1112,2961549,2961548,21,62926,83905,126650,-1,5,slab
1113,2962609,2962601,21,72321,87179,122700,-1,5,slab
1114,2962610,2962609,21,72044,87259,122750,-1,5,slab
1115,2962616,2962610,21,71573,87335,122800,-1,5,end
1116,2962658,2962655,21,76748,85057,121950,-1,5,slab
1117,2962659,2962658,21,76649,85085,121900,-1,5,slab
1118,2962661,2962659,21,76623,85082,121850,-1,5,slab
1119,2962662,2962661,21,76596,85078,121800,-1,5,slab
1120,2962664,2962662,21,76444,85161,121750,-1,5,slab
1121,2962665,2962664,21,76421,85188,121700,-1,5,slab
1122,2962666,2962665,21,76399,85215,121650,-1,5,end
1123,2976424,2976428,21,85340,88965,123750,-1,5,slab
1124,2962761,2962762,21,82316,87196,123700,-1,5,slab
1125,2962760,2962761,21,82139,87056,123650,-1,5,slab
1126,2962750,2962760,21,81962,86917,123600,-1,5,slab
1127,2962749,2962750,21,81774,86823,123550,-1,5,slab
1128,2962748,2962749,21,81586,86729,123500,-1,5,slab
1129,2962747,2962748,21,81397,86635,123450,-1,5,slab
1130,2962737,2962747,21,81209,86541,123400,-1,5,slab
1131,2962736,2962737,21,81154,86493,123350,-1,5,slab
1132,2962735,2962736,21,81098,86444,123300,-1,5,slab
1133,2962734,2962735,21,81042,86396,123250,-1,5,slab
1134,2962733,2962734,21,80936,86320,123200,-1,5,slab
1135,2962732,2962733,21,80829,86244,123150,-1,5,slab
1136,2962731,2962732,21,80723,86168,123100,-1,5,slab
1137,2962725,2962731,21,80617,86092,123050,-1,5,slab
1138,2962711,2962713,21,78701,84546,122550,-1,5,slab
1139,2962710,2962711,21,78458,84485,122500,-1,5,slab
1140,2962708,2962710,21,78215,84424,122450,-1,5,slab
1141,2962707,2962708,21,78074,84417,122400,-1,5,slab
1142,2962705,2962707,21,77934,84409,122350,-1,5,slab
1143,2962704,2962705,21,77805,84409,122300,-1,5,slab
1144,2962703,2962704,21,77675,84409,122250,-1,5,slab
1145,2962702,2962703,21,77637,84424,122200,-1,5,slab
1146,2962700,2962702,21,77599,84439,122150,-1,5,slab
1147,2962698,2962700,21,77485,84531,122100,-1,5,slab
1148,2962696,2962698,21,77227,84705,122050,-1,5,slab
1149,2962646,2962648,21,74430,86032,122200,-1,5,slab
1150,2962644,2962646,21,74149,86161,122250,-1,5,slab
1151,2962641,2962644,21,74043,86320,122300,-1,5,slab
1152,2962639,2962641,21,73875,86412,122350,-1,5,slab
1153,2962637,2962639,21,73685,86495,122400,-1,5,slab
1154,2962635,2962637,21,73602,86564,122450,-1,5,slab
1155,2962632,2962635,21,73450,86670,122500,-1,5,slab
1156,2962631,2962632,21,73355,86721,122550,-1,5,slab
1157,2962626,2962631,21,73260,86773,122600,-1,5,slab
1158,2962601,2962626,21,72599,87099,122650,-1,5,branch
1159,2962598,2962601,21,71709,87297,122650,-1,5,slab
1160,2962597,2962598,21,71215,87282,122600,-1,5,slab
1161,2962595,2962597,21,70721,87267,122550,-1,5,slab
1162,2962594,2962595,21,70486,87261,122500,-1,5,slab
1163,2951926,2951939,21,62416,85524,122650,-1,5,branch
1164,2951919,2951921,21,62542,85498,122850,-1,5,slab
1165,2951908,2951910,21,62580,85490,123150,-1,5,slab
1166,2951907,2951908,21,62593,85490,123200,-1,5,slab
1167,2951905,2951907,21,62606,85490,123250,-1,5,slab
1168,2951904,2951905,21,62625,85484,123300,-1,5,slab
1169,2951896,2951900,21,62679,85475,123550,-1,5,slab
1170,2951895,2951896,21,62692,85469,123600,-1,5,slab
1171,2951889,2951895,21,62705,85463,123650,-1,5,slab
1172,2951818,2951819,21,63112,85121,125450,-1,5,slab
1173,2951816,2951817,21,63062,85133,125550,-1,5,slab
1174,2951815,2951816,21,63055,85099,125600,-1,5,slab
1175,2951804,2951813,21,63059,84988,125750,-1,5,slab
1176,2951803,2951804,21,63030,84968,125800,-1,5,slab
1177,2951749,2951750,21,62766,84950,126750,-1,5,slab
1178,2951748,2951749,21,62842,84935,126800,-1,5,slab
1179,2976428,,21,87696,88684,123750,2000,5,root
1180,2982520,15218972,21,63285,85340,124200,-1,5,slab
1181,2988643,2960226,21,65960,85080,127450,-1,5,slab
1182,2988647,2988643,21,65933,85042,127500,-1,5,slab
1183,2988648,2988647,21,65907,85004,127550,-1,5,slab
1184,2988649,2988648,21,65930,84996,127600,-1,5,slab
1185,2988650,2988649,21,65952,84988,127650,-1,5,slab
1186,2988655,2988650,21,65941,84930,127700,-1,5,slab
1187,2988656,2988655,21,65930,84871,127750,-1,5,slab
1188,2988660,2988656,21,65937,84854,127800,-1,5,slab
1189,2988661,2988660,21,65945,84836,127850,-1,5,slab
1190,2988667,2988661,21,65914,84779,127900,-1,5,slab
1191,2988679,2988667,21,65850,84692,127950,-1,5,slab
1192,2988752,2988679,21,65804,84677,128000,-1,5,slab
1193,2988753,2988752,21,65751,84624,128050,-1,5,slab
1194,2988759,2988753,21,65759,84578,128100,-1,5,slab
1195,2988766,2988759,21,65755,84567,128150,-1,5,slab
1196,2988767,2988766,21,65755,84570,128200,-1,5,slab
1197,2988768,2988767,21,65755,84574,128250,-1,5,slab
1198,2988777,2988768,21,65747,84570,128300,-1,5,slab
1199,2988778,2988777,21,65738,84548,128350,-1,5,slab
1200,2988779,2988778,21,65728,84525,128400,-1,5,end
1201,2988781,2961030,21,66275,86759,132100,-1,5,slab
1202,2988782,2988781,21,66165,86786,132050,-1,5,slab
1203,2988784,2988782,21,66190,86820,132000,-1,5,slab
1204,2988785,2988784,21,66215,86854,131950,-1,5,slab
1205,2988787,2988785,21,66196,86873,131900,-1,5,slab
1206,2988788,2988787,21,66177,86892,131850,-1,5,slab
1207,2988795,2988788,21,66215,86915,131800,-1,5,slab
1208,2988810,2988795,21,66184,86957,131750,-1,5,end
1209,2988886,2961047,21,66224,85950,132300,-1,5,slab
1210,2988887,2988886,21,66218,85935,132250,-1,5,slab
1211,2988888,2988887,21,66123,85967,132200,-1,5,slab
1212,2988889,2988888,21,66028,85999,132150,-1,5,slab
1213,2988890,2988889,21,65960,86003,132100,-1,5,slab
1214,2988892,2988890,21,65861,85976,132050,-1,5,slab
1215,2988893,2988892,21,65774,86090,132000,-1,5,slab
1216,2988898,2988893,21,65626,86102,132000,-1,5,slab
1217,2988911,2988898,21,65455,86060,131950,-1,5,slab
1218,2988915,2988911,21,65333,86011,131900,-1,5,slab
1219,2988919,2988915,21,65299,85976,131850,-1,5,slab
1220,2988920,2988919,21,65238,85935,131800,-1,5,end
1221,2988963,2962579,21,68476,86820,122600,-1,5,slab
1222,2988964,2988963,21,68493,86816,122650,-1,5,slab
1223,2988965,2988964,21,68510,86812,122700,-1,5,slab
1224,2988966,2988965,21,68502,86799,122750,-1,5,slab
1225,2988967,2988966,21,68495,86786,122800,-1,5,slab
1226,2988981,2988980,21,68339,86881,123500,-1,5,slab
1227,2988979,2988978,21,68645,86887,123400,-1,5,slab
1228,2988980,2988979,21,68685,86888,123450,-1,5,slab
1229,2988968,2988967,21,68506,86782,122850,-1,5,slab
1230,2988969,2988968,21,68544,86809,122900,-1,5,slab
1231,2988970,2988969,21,68590,86843,122950,-1,5,slab
1232,2988971,2988970,21,68609,86843,123000,-1,5,slab
1233,2988972,2988971,21,68595,86875,123050,-1,5,slab
1234,2988973,2988972,21,68582,86907,123100,-1,5,slab
1235,2988974,2988973,21,68576,86932,123150,-1,5,slab
1236,2988975,2988974,21,68571,86957,123200,-1,5,slab
1237,2988976,2988975,21,68609,86923,123250,-1,5,slab
1238,2988982,2988981,21,68601,86942,123550,-1,5,slab
1239,2988983,2988982,21,68654,86957,123600,-1,5,slab
1240,2988984,2988983,21,68658,86938,123650,-1,5,slab
1241,2988985,2988984,21,68639,86944,123700,-1,5,slab
1242,2988986,2988985,21,68620,86949,123750,-1,5,slab
1243,2988977,2988976,21,68616,86911,123300,-1,5,slab
1244,2988987,2988986,21,68624,86961,123800,-1,5,slab
1245,2988978,2988977,21,68605,86885,123350,-1,5,slab
1246,2988988,2988987,21,68582,86957,123850,-1,5,slab
1247,2988989,2988988,21,68510,86961,123900,-1,5,end
1248,2989096,754008,21,67096,85638,130400,-1,5,slab
1249,2989098,2989097,21,67172,85729,130300,-1,5,slab
1250,2989099,2989098,21,67187,85735,130250,-1,5,slab
1251,2989100,2989099,21,67203,85741,130200,-1,5,end
1252,2989097,2989096,21,67222,85566,130350,-1,5,slab
1253,2989372,2989371,21,47678,83508,120300,-1,5,slab
1254,2989190,2959682,21,55316,84692,122250,-1,5,slab
1255,2989193,2989190,21,55291,84690,122200,-1,5,slab
1256,2989194,2989193,21,55267,84688,122150,-1,5,slab
1257,2989196,2989194,21,55168,84681,122100,-1,5,slab
1258,2989197,2989196,21,55069,84673,122050,-1,5,slab
1259,2989199,2989197,21,54845,84601,122000,-1,5,slab
1260,2989201,2989199,21,54723,84487,121950,-1,5,slab
1261,2989202,2989201,21,54655,84548,121900,-1,5,slab
1262,2989203,2989202,21,54024,84700,121850,-1,5,slab
1263,2989210,2989203,21,53893,84740,121800,-1,5,slab
1264,2989211,2989210,21,53762,84779,121750,-1,5,slab
1265,2989213,2989211,21,53676,84785,121700,-1,5,slab
1266,2989214,2989213,21,53591,84791,121650,-1,5,slab
1267,2989252,2989214,21,53234,84227,121600,-1,5,slab
1268,2989256,2989252,21,53127,84911,121550,-1,5,slab
1269,2989259,2989256,21,53025,84892,121500,-1,5,slab
1270,2989260,2989259,21,52922,84873,121450,-1,5,slab
1271,2989261,2989260,21,52827,84874,121400,-1,5,slab
1272,2989262,2989261,21,52732,84876,121350,-1,5,slab
1273,2989266,2989262,21,52645,84888,121300,-1,5,slab
1274,2989267,2989266,21,52557,84899,121250,-1,5,slab
1275,2989269,2989267,21,52474,84903,121200,-1,5,slab
1276,2989270,2989269,21,52390,84907,121150,-1,5,slab
1277,2989271,2989270,21,51630,84717,121150,-1,5,slab
1278,2989272,2989271,21,51471,84698,121200,-1,5,slab
1279,2989273,2989272,21,51311,84679,121250,-1,5,slab
1280,2989274,2989273,21,51224,84684,121300,-1,5,slab
1281,2989275,2989274,21,51136,84690,121350,-1,5,slab
1282,2989285,2989284,21,50543,84759,121550,-1,5,slab
1283,2989287,2989285,21,50566,84333,121600,-1,5,slab
1284,2989290,2989287,21,50460,84842,121650,-1,5,slab
1285,2989291,2989290,21,50141,84926,121700,-1,5,slab
1286,2989292,2989291,21,49821,85009,121750,-1,5,slab
1287,2989277,2989275,21,51091,84711,121400,-1,5,slab
1288,2989283,2989277,21,50927,84731,121450,-1,5,slab
1289,2989284,2989283,21,50733,84736,121500,-1,5,slab
1290,2989297,2989292,21,49688,85102,121800,-1,5,slab
1291,2989298,2989297,21,49555,85196,121850,-1,5,slab
1292,2989299,2989298,21,49441,85230,121900,-1,5,slab
1293,2989300,2989299,21,49327,85264,121950,-1,5,slab
1294,2989303,2989300,21,48598,85317,122000,-1,5,branch
1295,2989332,2989303,21,48609,85321,122050,-1,5,slab
1296,2989333,2989332,21,48681,85287,122100,-1,5,slab
1297,2989334,2989333,21,48651,85302,122150,-1,5,slab
1298,2989335,2989334,21,48621,85317,122200,-1,5,end
1299,2989337,2989303,21,48279,85184,122000,-1,5,slab
1300,2989338,2989337,21,48215,85187,121950,-1,5,slab
1301,2989339,2989338,21,48152,85189,121900,-1,5,slab
1302,2989340,2989339,21,48089,85192,121850,-1,5,slab
1303,2989341,2989340,21,48058,85135,121800,-1,5,slab
1304,2989342,2989341,21,48028,85078,121750,-1,5,slab
1305,2989343,2989342,21,47978,85074,121700,-1,5,slab
1306,2989344,2989343,21,47929,85070,121650,-1,5,slab
1307,2989345,2989344,21,47868,84500,121600,-1,5,slab
1308,2989346,2989345,21,47800,84956,121550,-1,5,slab
1309,2989347,2989346,21,47709,84865,121500,-1,5,slab
1310,2989348,2989347,21,47698,84816,121450,-1,5,slab
1311,2989349,2989348,21,47688,84766,121400,-1,5,slab
1312,2989350,2989349,21,47678,84717,121350,-1,5,slab
1313,2989351,2989350,21,47754,84709,121300,-1,5,slab
1314,2989352,2989351,21,47830,84702,121250,-1,5,slab
1315,2989353,2989352,21,47906,84694,121200,-1,5,slab
1316,2989354,2989353,21,47942,84671,121150,-1,5,slab
1317,2989355,2989354,21,47978,84648,121100,-1,5,slab
1318,2989356,2989355,21,48014,84626,121050,-1,5,slab
1319,2989358,2989357,21,47929,84322,121000,-1,5,slab
1320,2989357,2989356,21,47982,84481,121000,-1,5,slab
1321,2989359,2989358,21,47857,84211,120950,-1,5,slab
1322,2989360,2989359,21,47785,84101,120900,-1,5,slab
1323,2989361,2989360,21,47792,84044,120850,-1,5,slab
1324,2989362,2989361,21,47800,83987,120800,-1,5,slab
1325,2989363,2989362,21,47796,83938,120750,-1,5,slab
1326,2989364,2989363,21,47792,83888,120700,-1,5,slab
1327,2989365,2989364,21,47773,83858,120650,-1,5,slab
1328,2989366,2989365,21,47754,83828,120600,-1,5,slab
1329,2989367,2989366,21,47747,83786,120550,-1,5,slab
1330,2989368,2989367,21,47739,83744,120500,-1,5,slab
1331,2989369,2989368,21,47716,83698,120450,-1,5,slab
1332,2989370,2989369,21,47693,83653,120400,-1,5,slab
1333,2989371,2989370,21,47686,83581,120350,-1,5,slab
1334,2989373,2989372,21,47655,83493,120250,-1,5,slab
1335,2989374,2989373,21,47633,83478,120200,-1,5,slab
1336,2989375,2989374,21,47636,83440,120150,-1,5,slab
1337,2989376,2989375,21,47640,83402,120100,-1,5,slab
1338,2989377,2989376,21,47614,83364,120050,-1,5,slab
1339,2989378,2989377,21,47587,83326,120000,-1,5,slab
1340,2989379,2989378,21,47598,83318,119900,-1,5,slab
1341,2989380,2989379,21,47507,83334,119800,-1,5,slab
1342,2989381,2989380,21,47462,83334,119700,-1,5,slab
1343,2989382,2989381,21,47403,83326,119650,-1,5,slab
1344,2989383,2989382,21,47344,83318,119600,-1,5,slab
1345,2989384,2989383,21,47344,83330,119550,-1,5,slab
1346,2989385,2989384,21,47344,83341,119500,-1,5,slab
1347,2989409,2989385,21,47316,83340,119450,-1,5,slab
1348,2989410,2989409,21,47288,83339,119400,-1,5,slab
1349,2989411,2989410,21,47260,83337,119350,-1,5,slab
1350,2989412,2989411,21,47264,83334,119300,-1,5,slab
1351,2989413,2989412,21,47268,83330,119250,-1,5,slab
1352,2989414,2989413,21,47177,83368,119200,-1,5,slab
1353,2989415,2989414,21,46819,83299,119150,-1,5,slab
1354,2989416,2989415,21,47123,83345,119100,-1,5,slab
1355,2989417,2989416,21,47051,83299,119050,-1,5,slab
1356,2989418,2989417,21,46979,83254,119000,-1,5,slab
1357,2989419,2989418,21,46979,83273,118950,-1,5,slab
1358,2989420,2989419,21,46979,83292,118900,-1,5,slab
1359,2989421,2989420,21,47093,83619,118850,-1,5,slab
1360,2989422,2989421,21,46971,83337,118800,-1,5,slab
1361,2989423,2989422,21,46960,83356,118750,-1,5,slab
1362,2989424,2989423,21,46949,83375,118700,-1,5,slab
1363,2989427,2989424,21,46956,83364,118650,-1,5,slab
1364,2989428,2989427,21,46964,83353,118600,-1,5,slab
1365,2989429,2989428,21,46949,83341,118550,-1,5,slab
1366,2989430,2989429,21,46933,83330,118500,-1,5,slab
1367,2989433,2989430,21,46880,83334,118450,-1,5,slab
1368,2989434,2989433,21,46827,83337,118400,-1,5,slab
1369,2989436,2989434,21,46835,83364,118350,-1,5,slab
1370,2989437,2989436,21,46842,83391,118300,-1,5,slab
1371,2989438,2989437,21,46842,83406,118250,-1,5,slab
1372,2989439,2989438,21,46842,83421,118200,-1,5,slab
1373,2989441,2989439,21,46846,83432,118150,-1,5,slab
1374,2989442,2989441,21,46850,83444,118100,-1,5,slab
1375,2989443,2989442,21,46892,83463,118050,-1,5,slab
1376,2989444,2989443,21,46933,83482,118000,-1,5,slab
1377,2989445,2989444,21,46945,83520,117950,-1,5,slab
1378,2989446,2989445,21,46956,83558,117900,-1,5,slab
1379,2989447,2989446,21,46922,83600,117850,-1,5,slab
1380,2989448,2989447,21,46888,83641,117800,-1,5,slab
1381,2989449,2989448,21,46869,83676,117750,-1,5,slab
1382,2989450,2989449,21,46850,83710,117700,-1,5,slab
1383,2989451,2989450,21,46808,83710,117650,-1,5,slab
1384,2989452,2989451,21,46789,83771,117600,-1,5,slab
1385,2989453,2989452,21,46774,83824,117550,-1,5,slab
1386,2989454,2989453,21,46698,83869,117500,-1,5,slab
1387,2989455,2989454,21,46500,83930,117450,-1,5,slab
1388,2989456,2989455,21,46508,83964,117400,-1,5,slab
1389,2989457,2989456,21,46515,83999,117350,-1,5,slab
1390,2989458,2989457,21,46531,84010,117300,-1,5,slab
1391,2989459,2989458,21,46546,84021,117250,-1,5,slab
1392,2989460,2989459,21,46557,84063,117200,-1,5,slab
1393,2989461,2989460,21,46569,84105,117150,-1,5,slab
1394,2989462,2989461,21,46527,84139,117100,-1,5,slab
1395,2989463,2989462,21,46485,84173,117050,-1,5,slab
1396,2989464,2989463,21,46424,84185,117000,-1,5,slab
1397,2989465,2989464,21,46363,84196,116950,-1,5,slab
1398,2989466,2989465,21,46356,84246,116900,-1,5,slab
1399,2989467,2989466,21,46348,84295,116850,-1,5,slab
1400,2989468,2989467,21,46325,84325,116800,-1,5,slab
1401,2989469,2989468,21,46303,84356,116750,-1,5,slab
1402,2989470,2989469,21,46287,84352,116700,-1,5,slab
1403,2989471,2989470,21,46272,84348,116650,-1,5,slab
1404,2989472,2989471,21,46234,84398,116600,-1,5,slab
1405,2989473,2989472,21,46196,84447,116550,-1,5,slab
1406,2989474,2989473,21,46200,84462,116500,-1,5,slab
1407,2989475,2989474,21,46204,84477,116450,-1,5,slab
1408,2989476,2989475,21,46185,84477,116400,-1,5,slab
1409,2989477,2989476,21,46166,84477,116350,-1,5,slab
1410,2989478,2989477,21,46192,84489,116300,-1,5,slab
1411,2989479,2989478,21,46219,84500,116250,-1,5,slab
1412,2989480,2989479,21,46204,84538,116200,-1,5,slab
1413,2989481,2989480,21,46189,84576,116150,-1,5,slab
1414,2989482,2989481,21,46215,84572,116100,-1,5,slab
1415,2989483,2989482,21,46242,84569,116050,-1,5,slab
1416,2989484,2989483,21,46215,84618,116000,-1,5,slab
1417,2989485,2989484,21,46189,84667,115950,-1,5,slab
1418,2989487,2989486,21,46097,84667,115850,-1,5,slab
1419,2989486,2989485,21,46120,84287,115900,-1,5,slab
1420,2989489,2989487,21,46094,84675,115800,-1,5,slab
1421,2989490,2989489,21,46090,84683,115750,-1,5,slab
1422,2989491,2989490,21,46082,84713,115700,-1,5,slab
1423,2989492,2989491,21,46075,84743,115650,-1,5,slab
1424,2989493,2989492,21,46101,84702,115600,-1,5,slab
1425,2989494,2989493,21,46128,84660,115550,-1,5,slab
1426,2989495,2989494,21,46090,84660,115500,-1,5,slab
1427,2989496,2989495,21,46107,84650,115450,-1,5,slab
1428,2989497,2989496,21,46125,84639,115400,-1,5,slab
1429,2989498,2989497,21,46143,84629,115350,-1,5,slab
1430,2989499,2989498,21,46143,84629,115300,-1,5,slab
1431,2989500,2989499,21,46143,84629,115250,-1,5,slab
1432,2989501,2989500,21,46200,84607,115200,-1,5,slab
1433,2989502,2989501,21,46257,84584,115150,-1,5,slab
1434,2989503,2989502,21,46261,84569,115100,-1,5,slab
1435,2989504,2989503,21,46265,84553,115050,-1,5,slab
1436,2989505,2989504,21,46306,84519,115000,-1,5,slab
1437,2989506,2989505,21,46348,84485,114950,-1,5,slab
1438,2989507,2989506,21,46447,84489,114900,-1,5,slab
1439,2989508,2989507,21,46546,84493,114850,-1,5,slab
1440,2989509,2989508,21,46546,84493,114800,-1,5,slab
1441,2989510,2989509,21,46546,84493,114750,-1,5,slab
1442,2989511,2989510,21,46614,84462,114700,-1,5,slab
1443,2989512,2989511,21,46683,84432,114650,-1,5,slab
1444,2989513,2989512,21,46732,84394,114600,-1,5,slab
1445,2989514,2989513,21,46781,84356,114550,-1,5,slab
1446,2989515,2989514,21,46781,84356,114500,-1,5,slab
1447,2989516,2989515,21,46781,84356,114450,-1,5,slab
1448,2989517,2989516,21,46827,84352,114400,-1,5,slab
1449,2989518,2989517,21,46873,84348,114350,-1,5,slab
1450,2989519,2989518,21,46933,84295,114300,-1,5,slab
1451,2989520,2989519,21,46994,84242,114250,-1,5,slab
1452,2989521,2989520,21,46990,84249,114200,-1,5,slab
1453,2989522,2989521,21,46987,84257,114150,-1,5,slab
1454,2989523,2989522,21,46998,84257,114100,-1,5,slab
1455,2989524,2989523,21,47009,84257,114050,-1,5,slab
1456,2989527,2989524,21,47032,84215,114000,-1,5,slab
1457,2989528,2989527,21,47055,84173,113950,-1,5,slab
1458,2989575,2989528,21,47055,84139,113900,-1,5,slab
1459,2989576,2989575,21,47063,83797,113850,-1,5,slab
1460,2989579,2989576,21,47070,84094,113800,-1,5,slab
1461,2989588,2989579,21,47009,84139,113750,-1,5,slab
1462,2989589,2989588,21,46975,84105,113700,-1,5,slab
1463,2989590,2989589,21,46941,84071,113650,-1,5,slab
1464,2989591,2989590,21,47002,84086,113600,-1,5,slab
1465,2989592,2989591,21,46971,84086,113550,-1,5,slab
1466,2989600,2989592,21,46971,84096,113500,-1,5,slab
1467,2989601,2989600,21,46971,84106,113450,-1,5,slab
1468,2989602,2989601,21,46971,84116,113400,-1,5,slab
1469,2989610,2989602,21,46922,84128,113350,-1,5,slab
1470,2989611,2989610,21,46873,84139,113300,-1,5,slab
1471,2989612,2989611,21,46884,84128,113250,-1,5,slab
1472,2989613,2989612,21,46895,84116,113200,-1,5,slab
1473,2989614,2989613,21,46892,84113,113150,-1,5,slab
1474,2989615,2989614,21,46888,84109,113100,-1,5,slab
1475,2989616,2989615,21,46876,84109,113050,-1,5,slab
1476,2989617,2989616,21,46865,84109,113000,-1,5,slab
1477,2989618,2989617,21,46903,84071,112950,-1,5,slab
1478,2989619,2989618,21,46941,84033,112900,-1,5,slab
1479,2989620,2989619,21,46941,84021,112850,-1,5,slab
1480,2989621,2989620,21,46941,84010,112800,-1,5,slab
1481,2989622,2989621,21,46956,83980,112750,-1,5,slab
1482,2989639,2989622,21,46918,83562,112700,-1,5,slab
1483,2989640,2989639,21,46949,83858,112650,-1,5,slab
1484,2989641,2989640,21,46956,83816,112600,-1,5,slab
1485,2989642,2989641,21,46964,83774,112550,-1,5,slab
1486,2989643,2989642,21,46941,83721,112500,-1,5,slab
1487,2989644,2989643,21,46964,83615,112450,-1,5,slab
1488,2989645,2989644,21,46979,83603,112400,-1,5,slab
1489,2989646,2989645,21,46994,83592,112350,-1,5,slab
1490,2989647,2989646,21,47002,83588,112300,-1,5,slab
1491,2989648,2989647,21,47009,83584,112250,-1,5,slab
1492,2989651,2989648,21,47025,83554,112200,-1,5,slab
1493,2989691,2989651,21,47017,83563,112150,-1,5,slab
1494,2989692,2989691,21,47009,83573,112100,-1,5,slab
1495,2989693,2989692,21,47021,83577,112050,-1,5,slab
1496,2989694,2989693,21,47032,83581,112000,-1,5,slab
1497,2989695,2989694,21,47123,83573,111950,-1,5,slab
1498,2989696,2989695,21,47017,83330,111900,-1,5,slab
1499,2989697,2989696,21,47139,83649,111850,-1,5,slab
1500,2989698,2989697,21,47165,83657,111800,-1,5,slab
1501,2989699,2989698,21,47192,83664,111750,-1,5,slab
1502,2989700,2989699,21,47192,83672,111700,-1,5,slab
1503,2989701,2989700,21,47192,83679,111650,-1,5,slab
1504,2989702,2989701,21,47177,83687,111600,-1,5,slab
1505,2989703,2989702,21,47161,83695,111550,-1,5,slab
1506,2989704,2989703,21,47169,83733,111500,-1,5,slab
1507,2989705,2989704,21,47177,83771,111450,-1,5,slab
1508,2989706,2989705,21,47203,83763,111400,-1,5,slab
1509,2989707,2989706,21,47230,83755,111350,-1,5,slab
1510,2989708,2989707,21,47260,83782,111300,-1,5,slab
1511,2989709,2989708,21,47291,83809,111250,-1,5,slab
1512,2989710,2989709,21,47260,83801,111200,-1,5,slab
1513,2989711,2989710,21,47230,83793,111150,-1,5,slab
1514,2989712,2989711,21,47260,83797,111100,-1,5,slab
1515,2989713,2989712,21,47291,83801,111050,-1,5,slab
1516,2989714,2989713,21,47268,83809,111000,-1,5,slab
1517,2989715,2989714,21,47245,83816,110950,-1,5,slab
1518,2989716,2989715,21,47264,83816,110900,-1,5,slab
1519,2989717,2989716,21,47283,83816,110850,-1,5,slab
1520,2989718,2989717,21,47298,83824,110800,-1,5,slab
1521,2989719,2989718,21,47313,83831,110750,-1,5,slab
1522,2989720,2989719,21,47306,83828,110700,-1,5,slab
1523,2989721,2989720,21,47298,83824,110650,-1,5,slab
1524,2989722,2989721,21,47302,83820,110600,-1,5,slab
1525,2989723,2989722,21,47306,83816,110550,-1,5,slab
1526,2989724,2989723,21,47329,83820,110500,-1,5,slab
1527,2989725,2989724,21,47351,83824,110450,-1,5,slab
1528,2989726,2989725,21,47344,83820,110400,-1,5,slab
1529,2989727,2989726,21,47283,83839,110350,-1,5,slab
1530,2989728,2989727,21,47280,83824,110300,-1,5,slab
1531,2989729,2989728,21,47278,83809,110250,-1,5,slab
1532,2989730,2989729,21,47275,83793,110200,-1,5,slab
1533,2989731,2989730,21,47302,83786,110150,-1,5,slab
1534,2989732,2989731,21,47329,83778,110100,-1,5,slab
1535,2989733,2989732,21,47306,83774,110050,-1,5,slab
1536,2989734,2989733,21,47283,83771,110000,-1,5,slab
1537,2989735,2989734,21,47272,83793,109950,-1,5,slab
1538,2989736,2989735,21,47260,83816,109900,-1,5,slab
1539,2989746,2989736,21,47245,83816,109850,-1,5,slab
1540,2989747,2989746,21,47230,83816,109800,-1,5,slab
1541,2989748,2989747,21,47215,83816,109750,-1,5,slab
1542,2989749,2989748,21,47203,83805,109700,-1,5,slab
1543,2989750,2989749,21,47192,83793,109650,-1,5,slab
1544,2989751,2989750,21,47173,83797,109600,-1,5,slab
1545,2989752,2989751,21,47154,83801,109550,-1,5,slab
1546,2989753,2989752,21,47150,83790,109500,-1,5,slab
1547,2989754,2989753,21,47146,83778,109450,-1,5,slab
1548,2989755,2989754,21,47139,83778,109400,-1,5,slab
1549,2989756,2989755,21,47131,83778,109350,-1,5,slab
1550,2989759,2989756,21,47112,83755,109300,-1,5,slab
1551,2989760,2989759,21,47093,83733,109250,-1,5,slab
1552,2989782,2989760,21,47078,83733,109200,-1,5,slab
1553,2989783,2989782,21,47063,83733,109150,-1,5,slab
1554,2989784,2989783,21,47051,83736,109100,-1,5,slab
1555,2989785,2989784,21,47040,83740,109050,-1,5,slab
1556,2989786,2989785,21,47047,83733,109000,-1,5,slab
1557,2989787,2989786,21,47055,83725,108950,-1,5,slab
1558,2989788,2989787,21,47059,83748,108900,-1,5,slab
1559,2989789,2989788,21,47063,83771,108850,-1,5,slab
1560,2989790,2989789,21,47089,83786,108800,-1,5,slab
1561,2989791,2989790,21,47116,83801,108750,-1,5,slab
1562,2989792,2989791,21,47131,83771,108700,-1,5,slab
1563,2989793,2989792,21,47146,83740,108650,-1,5,slab
1564,2989794,2989793,21,47177,83729,108600,-1,5,slab
1565,2989795,2989794,21,47207,83717,108550,-1,5,slab
1566,2989796,2989795,21,47226,83744,108500,-1,5,slab
1567,2989797,2989796,21,47245,83771,108450,-1,5,slab
1568,2989798,2989797,21,47287,83752,108400,-1,5,slab
1569,2989799,2989798,21,47329,83733,108350,-1,5,slab
1570,2989800,2989799,21,47302,83733,108300,-1,5,slab
1571,2989801,2989800,21,47275,83733,108250,-1,5,slab
1572,2989802,2989801,21,47287,83725,108200,-1,5,slab
1573,2989803,2989802,21,47298,83717,108150,-1,5,slab
1574,2989804,2989803,21,47287,83717,108100,-1,5,slab
1575,2989805,2989804,21,47275,83717,108050,-1,5,slab
1576,2989806,2989805,21,47275,83717,108000,-1,5,slab
1577,2989807,2989806,21,47275,83717,107950,-1,5,slab
1578,2989808,2989807,21,47256,83695,107900,-1,5,slab
1579,2989809,2989808,21,47237,83672,107850,-1,5,slab
1580,2989810,2989809,21,47264,83657,107800,-1,5,slab
1581,2989811,2989810,21,47291,83641,107750,-1,5,slab
1582,2989812,2989811,21,47245,83660,107700,-1,5,slab
1583,2989813,2989812,21,47199,83679,107650,-1,5,slab
1584,2989814,2989813,21,47215,83664,107600,-1,5,slab
1585,2989815,2989814,21,47230,83649,107550,-1,5,slab
1586,2989816,2989815,21,47199,83649,107500,-1,5,slab
1587,2989817,2989816,21,47169,83649,107450,-1,5,slab
1588,2989818,2989817,21,47180,83638,107400,-1,5,slab
1589,2989819,2989818,21,47192,83626,107350,-1,5,slab
1590,2989820,2989819,21,47196,83607,107300,-1,5,slab
1591,2989821,2989820,21,47199,83588,107250,-1,5,slab
1592,2989822,2989821,21,47142,83603,107200,-1,5,slab
1593,2989823,2989822,21,47085,83619,107150,-1,5,slab
1594,2989824,2989823,21,47074,83630,107100,-1,5,slab
1595,2989825,2989824,21,47063,83641,107050,-1,5,slab
1596,2989826,2989825,21,47021,83660,107000,-1,5,slab
1597,2989827,2989826,21,46979,83679,106950,-1,5,slab
1598,2989828,2989827,21,46964,83679,106900,-1,5,slab
1599,2989829,2989828,21,46949,83679,106850,-1,5,slab
1600,2989830,2989829,21,46892,83683,106800,-1,5,slab
1601,2989831,2989830,21,46835,83687,106750,-1,5,slab
1602,2989832,2989831,21,46842,83672,106700,-1,5,slab
1603,2989833,2989832,21,46850,83657,106650,-1,5,slab
1604,2989834,2989833,21,46804,83649,106600,-1,5,slab
1605,2989835,2989834,21,46759,83641,106550,-1,5,slab
1606,2989836,2989835,21,46759,83649,106500,-1,5,slab
1607,2989837,2989836,21,46759,83657,106450,-1,5,slab
1608,2989838,2989837,21,46781,83660,106400,-1,5,slab
1609,2989839,2989838,21,46804,83664,106350,-1,5,slab
1610,2989840,2989839,21,46823,83653,106300,-1,5,slab
1611,2989841,2989840,21,46842,83641,106250,-1,5,slab
1612,2989842,2989841,21,46873,83649,106200,-1,5,slab
1613,2989843,2989842,21,46903,83657,106150,-1,5,slab
1614,2989844,2989843,21,46926,83607,106100,-1,5,slab
1615,2989845,2989844,21,46949,83558,106050,-1,5,slab
1616,2989846,2989845,21,46971,83554,106000,-1,5,slab
1617,2989847,2989846,21,46994,83550,105950,-1,5,slab
1618,2989848,2989847,21,47040,83508,105900,-1,5,slab
1619,2989849,2989848,21,47085,83467,105850,-1,5,slab
1620,2989850,2989849,21,47108,83372,105800,-1,5,slab
1621,2989851,2989850,21,47131,83277,105750,-1,5,slab
1622,2989852,2989851,21,47154,83239,105700,-1,5,slab
1623,2989853,2989852,21,47177,83201,105650,-1,5,slab
1624,2989854,2989853,21,47173,83136,105600,-1,5,slab
1625,2989855,2989854,21,47150,83049,105550,-1,5,slab
1626,2989872,2989855,21,47275,82634,105200,-1,3,slab
1627,2990423,2989872,21,47218,82507,105150,-1,5,slab
1628,2990424,2990423,21,47188,82382,105100,-1,5,slab
1629,2990425,2990424,21,47150,82351,105050,-1,5,slab
1630,2990426,2990425,21,47112,82321,105000,-1,5,slab
1631,2990427,2990426,21,47116,82264,104950,-1,5,slab
1632,2990428,2990427,21,47116,82256,104900,-1,5,slab
1633,2990429,2990428,21,47116,82249,104850,-1,5,slab
1634,2990430,2990429,21,47135,82211,104800,-1,5,slab
1635,2990431,2990430,21,47154,82173,104750,-1,5,slab
1636,2990434,2990431,21,47163,82112,104700,-1,5,slab
1637,2990435,2990434,21,47173,82051,104650,-1,5,slab
1638,2990438,2990435,21,47173,82066,104600,-1,5,slab
1639,2990439,2990438,21,47173,82081,104550,-1,5,slab
1640,2990465,2990439,21,47163,82038,104500,-1,5,slab
1641,2990466,2990465,21,47154,81994,104450,-1,5,slab
1642,2990467,2990466,21,47161,81971,104400,-1,5,slab
1643,2990468,2990467,21,47169,81948,104350,-1,5,slab
1644,2990469,2990468,21,47174,81942,104300,-1,5,slab
1645,2990470,2990469,21,47179,81936,104250,-1,5,slab
1646,2990471,2990470,21,47184,81929,104200,-1,5,slab
1647,2990502,2990471,21,47218,81948,104150,-1,5,slab
1648,2990503,2990502,21,47253,81967,104100,-1,5,slab
1649,2990530,2990503,21,47260,81941,104050,-1,5,slab
1650,2990531,2990530,21,47268,81914,104000,-1,5,slab
1651,2990532,2990531,21,47266,81888,103950,-1,5,slab
1652,2990533,2990532,21,47264,81861,103900,-1,5,slab
1653,2990534,2990533,21,47264,81861,103850,-1,5,slab
1654,2990535,2990534,21,47264,81861,103800,-1,5,slab
1655,2990536,2990535,21,47264,81861,103750,-1,5,slab
1656,2990537,2990536,21,47264,81861,103700,-1,5,slab
1657,2990538,2990537,21,47264,81861,103650,-1,5,slab
1658,2990539,2990538,21,47243,81888,103600,-1,5,slab
1659,2990540,2990539,21,47222,81914,103550,-1,5,slab
1660,2990541,2990540,21,47221,81927,103500,-1,5,slab
1661,2990542,2990541,21,47220,81940,103450,-1,5,slab
1662,2990543,2990542,21,47218,81952,103400,-1,5,slab
1663,2990544,2990543,21,47208,81994,103350,-1,5,slab
1664,2990545,2990544,21,47198,82036,103300,-1,5,slab
1665,2990546,2990545,21,47188,82078,103250,-1,5,slab
1666,2990547,2990546,21,47177,82045,103200,-1,5,slab
1667,2990548,2990547,21,47165,82013,103150,-1,5,slab
1668,2990549,2990548,21,47131,82008,103100,-1,5,slab
1669,2990550,2990549,21,47097,82003,103050,-1,5,slab
1670,2990551,2990550,21,47063,81998,103000,-1,5,slab
1671,2990552,2990551,21,47059,82015,102950,-1,5,slab
1672,2990553,2990552,21,47055,82032,102900,-1,5,slab
1673,2990554,2990553,21,47057,81994,102850,-1,5,slab
1674,2990555,2990554,21,47059,81956,102800,-1,5,slab
1675,2990556,2990555,21,47038,81967,102750,-1,5,slab
1676,2990557,2990556,21,47017,81979,102700,-1,5,slab
1677,2990558,2990557,21,46987,81966,102650,-1,5,slab
1678,2990559,2990558,21,46956,81952,102600,-1,5,slab
1679,2990560,2990559,21,46717,81956,102550,-1,5,slab
1680,2990561,2990560,21,46949,81945,102500,-1,5,slab
1681,2990562,2990561,21,46913,81959,102450,-1,5,slab
1682,2990563,2990562,21,46878,81973,102400,-1,5,slab
1683,2990564,2990563,21,46842,81986,102350,-1,5,slab
1684,2990565,2990564,21,46842,81986,102300,-1,5,slab
1685,2990566,2990565,21,46842,81986,102200,-1,5,slab
1686,2990567,2990566,21,46831,81984,102150,-1,5,slab
1687,2990568,2990567,21,46808,81979,102050,-1,5,slab
1688,2990569,2990568,21,46776,81975,102000,-1,5,slab
1689,2990570,2990569,21,46743,81971,101950,-1,5,slab
1690,2990571,2990570,21,46741,81964,101900,-1,5,slab
1691,2990572,2990571,21,46740,81956,101850,-1,5,slab
1692,2990573,2990572,21,46760,81943,101800,-1,5,slab
1693,2990574,2990573,21,46781,81929,101750,-1,5,slab
1694,2990575,2990574,21,46781,81929,101700,-1,5,slab
1695,2990576,2990575,21,46781,81929,101650,-1,5,slab
1696,2990577,2990576,21,46781,81929,101600,-1,5,slab
1697,2990578,2990577,21,46781,81929,101550,-1,5,slab
1698,2990579,2990578,21,46798,81888,101500,-1,5,slab
1699,2990580,2990579,21,46816,81846,101450,-1,5,slab
1700,2990581,2990580,21,46846,81798,101400,-1,5,slab
1701,2990582,2990581,21,46876,81751,101350,-1,5,slab
1702,2990583,2990582,21,46912,81713,101300,-1,5,slab
1703,2990584,2990583,21,46949,81675,101250,-1,5,slab
1704,2990585,2990584,21,46966,81644,101200,-1,5,slab
1705,2990586,2990585,21,46983,81614,101150,-1,5,slab
1706,2990587,2990586,21,46992,81584,101100,-1,5,slab
1707,2990588,2990587,21,47002,81553,101050,-1,5,slab
1708,2990715,2990713,21,47289,81159,100550,-1,5,slab
1709,2990716,2990715,21,47280,81156,100500,-1,5,slab
1710,2990717,2990716,21,47272,81153,100450,-1,5,slab
1711,2990718,2990717,21,47263,81150,100400,-1,5,slab
1712,2990719,2990718,21,47254,81147,100350,-1,5,slab
1713,2990720,2990719,21,47245,81144,100300,-1,5,slab
1714,2990721,2990720,21,47236,81141,100250,-1,5,slab
1715,2990722,2990721,21,47227,81138,100200,-1,5,slab
1716,2990723,2990722,21,47218,81135,100150,-1,5,slab
1717,2990724,2990723,21,47187,81118,100100,-1,5,slab
1718,2990725,2990724,21,47156,81101,100050,-1,5,slab
1719,2990726,2990725,21,47124,81084,100000,-1,5,slab
1720,2990727,2990726,21,47093,81067,99950,-1,5,slab
1721,2990728,2990727,21,47086,81043,99900,-1,5,slab
1722,2990729,2990728,21,47079,81018,99850,-1,5,slab
1723,2990730,2990729,21,47072,80994,99800,-1,5,slab
1724,2990731,2990730,21,47066,80970,99750,-1,5,slab
1725,2990732,2990731,21,47059,80945,99700,-1,5,slab
1726,2990733,2990732,21,47043,80932,99650,-1,5,slab
1727,2990734,2990733,21,47026,80919,99600,-1,5,slab
1728,2990735,2990734,21,47010,80905,99550,-1,5,slab
1729,2990736,2990735,21,46994,80892,99500,-1,5,slab
1730,2990737,2990736,21,47003,80891,99450,-1,5,slab
1731,2990738,2990737,21,47012,80890,99400,-1,5,slab
1732,2990739,2990738,21,47021,80888,99350,-1,5,slab
1733,2990740,2990739,21,47022,80874,99300,-1,5,slab
1734,2990741,2990740,21,47023,80860,99250,-1,5,slab
1735,2990742,2990741,21,47024,80846,99200,-1,5,slab
1736,2990743,2990742,21,47025,80831,99150,-1,5,slab
1737,2990744,2990743,21,46992,80834,99100,-1,5,slab
1738,2990745,2990744,21,46960,80837,99050,-1,5,slab
1739,2990746,2990745,21,46928,80840,99000,-1,5,slab
1740,2990747,2990746,21,46895,80843,98950,-1,5,slab
1741,2990748,2990747,21,46895,80843,98900,-1,5,slab
1742,2990749,2990748,21,46895,80843,98850,-1,5,slab
1743,2990750,2990749,21,46895,80843,98800,-1,5,slab
1744,2990751,2990750,21,46855,80851,98750,-1,5,slab
1745,2990752,2990751,21,46816,80860,98700,-1,5,slab
1746,2990753,2990752,21,46776,80868,98650,-1,5,slab
1747,2990754,2990753,21,46736,80877,98600,-1,5,slab
1748,2990755,2990754,21,46698,80892,98550,-1,5,slab
1749,2990756,2990755,21,46660,80907,98500,-1,5,slab
1750,2990757,2990756,21,46622,80922,98450,-1,5,slab
1751,2990758,2990757,21,46544,80917,98400,-1,5,slab
1752,2990759,2990758,21,46467,80912,98350,-1,5,slab
1753,2990760,2990759,21,46390,80907,98300,-1,5,slab
1754,2990761,2990760,21,46338,80917,98250,-1,5,slab
1755,2990762,2990761,21,46285,80926,98200,-1,5,slab
1756,2990763,2990762,21,46233,80936,98150,-1,5,slab
1757,2990764,2990763,21,46181,80945,98100,-1,5,slab
1758,2990765,2990764,21,46179,80953,98050,-1,5,slab
1759,2990766,2990765,21,46178,80960,98000,-1,5,slab
1760,2990767,2990766,21,46176,80968,97950,-1,5,slab
1761,2990768,2990767,21,46175,80976,97900,-1,5,slab
1762,2990769,2990768,21,46173,80983,97850,-1,5,slab
1763,2990713,2990588,21,47298,81162,100600,-1,4,slab
1764,2990851,2990769,21,46193,80984,97800,-1,5,slab
1765,2990852,2990851,21,46213,80985,97750,-1,5,slab
1766,2990853,2990852,21,46233,80986,97700,-1,5,slab
1767,2990854,2990853,21,46252,80986,97650,-1,5,slab
1768,2990855,2990854,21,46272,80987,97600,-1,5,slab
1769,2990925,2990855,21,46278,80986,97550,-1,5,slab
1770,2990926,2990925,21,46285,80985,97500,-1,5,slab
1771,2990927,2990926,21,46291,80983,97450,-1,5,slab
1772,2990946,2990927,21,46394,81065,97400,-1,5,slab
1773,2990947,2990946,21,46496,81147,97350,-1,5,slab
1774,2990949,2990947,21,46506,81171,97300,-1,5,slab
1775,2990950,2990949,21,46517,81195,97250,-1,5,slab
1776,2990951,2990950,21,46527,81219,97200,-1,5,slab
1777,2990953,2990951,21,46502,81276,97150,-1,5,slab
1778,2990954,2990953,21,46477,81333,97100,-1,5,slab
1779,2990958,2990954,21,46481,81591,97050,-1,5,slab
1780,2990964,2990958,21,46496,81593,97000,-1,5,slab
1781,2990965,2990964,21,46512,81594,96950,-1,5,slab
1782,2990966,2990965,21,46527,81595,96900,-1,5,slab
1783,2991007,2990966,21,46501,81585,96850,-1,5,slab
1784,2991008,2991007,21,46476,81575,96800,-1,5,slab
1785,2991009,2991008,21,46451,81565,96750,-1,5,slab
1786,2991011,2991009,21,46424,81533,96700,-1,5,slab
1787,2991012,2991011,21,46398,81501,96650,-1,5,slab
1788,2991013,2991012,21,46371,81470,96600,-1,5,slab
1789,2991014,2991013,21,46295,81443,96550,-1,5,slab
1790,2991033,2991014,21,46177,81477,96500,-1,5,slab
1791,2991036,2991033,21,46287,81439,96450,-1,5,slab
1792,2991038,2991036,21,46275,81425,96400,-1,5,slab
1793,2991039,2991038,21,46262,81411,96350,-1,5,slab
1794,2991040,2991039,21,46249,81397,96300,-1,5,slab
1795,2991042,2991040,21,46249,81394,96250,-1,5,slab
1796,2991043,2991042,21,46249,81390,96200,-1,5,slab
1797,2991046,2991043,21,46223,81375,96150,-1,5,slab
1798,2991052,2991046,21,46151,81682,96100,-1,5,slab
1799,2991053,2991052,21,46189,81405,96050,-1,5,slab
1800,2991054,2991053,21,46185,81365,96000,-1,5,slab
1801,2991055,2991054,21,46181,81325,95950,-1,5,slab
1802,2991056,2991055,21,46147,81249,95900,-1,5,slab
1803,2991057,2991056,21,46097,81211,95850,-1,5,slab
1804,2991058,2991057,21,46090,81171,95800,-1,5,slab
1805,2991059,2991058,21,46082,81131,95750,-1,5,slab
1806,2991062,2991059,21,46052,81168,95700,-1,5,slab
1807,2991063,2991062,21,46021,81204,95650,-1,5,slab
1808,2991065,2991063,21,46046,81211,95600,-1,5,slab
1809,2991066,2991065,21,46071,81219,95550,-1,5,slab
1810,2991068,2991066,21,46058,81218,95500,-1,5,slab
1811,2991069,2991068,21,46045,81216,95450,-1,5,slab
1812,2991070,2991069,21,46033,81215,95400,-1,5,slab
1813,2991072,2991070,21,46033,81215,95350,-1,5,slab
1814,2991073,2991072,21,46033,81215,95300,-1,5,slab
1815,2991074,2991073,21,46033,81215,95250,-1,5,slab
1816,2991076,2991074,21,46033,81215,95200,-1,5,slab
1817,2991077,2991076,21,46033,81215,95150,-1,5,slab
1818,2991078,2991077,21,46033,81215,95100,-1,5,slab
1819,2991112,2991078,21,46029,81221,95050,-1,5,slab
1820,2991113,2991112,21,46025,81226,95000,-1,5,slab
1821,2991114,2991113,21,46025,81226,94950,-1,5,slab
1822,2991115,2991114,21,46025,81226,94900,-1,5,slab
1823,2991116,2991115,21,46025,81226,94850,-1,5,slab
1824,2991117,2991116,21,46025,81242,94800,-1,5,slab
1825,2991118,2991117,21,46025,81242,94750,-1,5,slab
1826,2991119,2991118,21,46181,81226,94700,-1,5,slab
1827,2991120,2991119,21,46348,81230,94650,-1,5,slab
1828,2991121,2991120,21,46398,81200,94600,-1,5,slab
1829,2991152,2991121,21,46468,81156,94550,-1,5,slab
1830,2991153,2991152,21,46538,81112,94500,-1,5,slab
1831,2991155,2991153,21,46567,81135,94450,-1,5,slab
1832,2991156,2991155,21,46595,81158,94400,-1,5,branch
1833,2991159,2991156,21,46679,81188,94350,-1,5,slab
1834,2991160,2991159,21,46762,81219,94300,-1,5,slab
1835,2991161,2991156,21,46443,81093,94400,-1,5,slab
1836,2991162,2991161,21,46314,81078,94350,-1,5,slab
1837,2991163,2991162,21,46105,81074,94300,-1,5,slab
1838,2991164,2991163,21,46128,81048,94250,-1,5,slab
1839,2991200,2991164,21,46018,80888,94200,-1,5,end
1840,2991202,2991160,21,46848,81278,94250,-1,5,slab
1841,2991203,2991202,21,46933,81337,94200,-1,5,slab
1842,2991204,2991203,21,46983,81386,94150,-1,5,slab
1843,2991205,2991204,21,47032,81435,94100,-1,5,slab
1844,2991206,2991205,21,47076,81435,94050,-1,5,slab
1845,2991207,2991206,21,47120,81435,94000,-1,5,slab
1846,2991211,2991207,21,47140,81469,93950,-1,5,slab
1847,2991212,2991211,21,47161,81502,93900,-1,5,slab
1848,2991213,2991212,21,47182,81535,93850,-1,5,slab
1849,2991214,2991213,21,47203,81568,93800,-1,5,slab
1850,2991217,2991214,21,47203,81568,93750,-1,5,slab
1851,2991218,2991217,21,47203,81568,93700,-1,5,slab
1852,2991219,2991218,21,47203,81568,93650,-1,5,slab
1853,2991227,2991219,21,47209,81593,93600,-1,5,slab
1854,2991228,2991227,21,47215,81618,93550,-1,5,slab
1855,2991233,2991228,21,47232,81605,93500,-1,5,slab
1856,2991234,2991233,21,47249,81591,93450,-1,5,slab
1857,2991238,2991234,21,47251,81618,93400,-1,5,slab
1858,2991239,2991238,21,47253,81644,93350,-1,5,slab
1859,2991244,2991239,21,47239,81673,93300,-1,5,slab
1860,2991245,2991244,21,47226,81701,93250,-1,5,slab
1861,2991248,2991245,21,47245,81758,93200,-1,5,slab
1862,2991253,2991248,21,47245,81766,93150,-1,5,slab
1863,2991257,2991253,21,47207,81838,93100,-1,5,slab
1864,2991260,2991257,21,47201,81844,93050,-1,5,slab
1865,2991261,2991260,21,47196,81850,93000,-1,5,slab
1866,2991265,2991261,21,47152,81899,92950,-1,5,slab
1867,2991266,2991265,21,47108,81948,92900,-1,5,slab
1868,2991271,2991266,21,47106,81986,92850,-1,5,slab
1869,2991272,2991271,21,47104,82024,92800,-1,5,slab
1870,2991275,2991272,21,47066,82030,92750,-1,5,slab
1871,2991276,2991275,21,47028,82036,92700,-1,5,slab
1872,2991279,2991276,21,47017,82036,92650,-1,5,slab
1873,2991280,2991279,21,47006,82036,92600,-1,5,slab
1874,2991288,2991280,21,46922,82053,92550,-1,5,slab
1875,2991289,2991288,21,46838,82070,92500,-1,5,slab
1876,2991292,2991289,21,46762,82074,92450,-1,5,slab
1877,2991293,2991292,21,46686,82078,92400,-1,5,slab
1878,2991297,2991293,21,46650,82057,92350,-1,5,slab
1879,2991298,2991297,21,46614,82036,92300,-1,5,slab
1880,2991303,2991298,21,46591,82023,92250,-1,5,slab
1881,2991304,2991303,21,46569,82009,92200,-1,5,slab
1882,2991305,2991304,21,46567,81994,92150,-1,5,slab
1883,2991306,2991305,21,46565,81979,92100,-1,5,slab
1884,2991348,2991306,21,46529,81960,92050,-1,5,slab
1885,2991349,2991348,21,46493,81941,92000,-1,5,slab
1886,2991350,2991349,21,46496,81920,91950,-1,5,slab
1887,2991351,2991350,21,46500,81899,91900,-1,5,slab
1888,2991352,2991351,21,46481,81888,91850,-1,5,slab
1889,2991353,2991352,21,46462,81876,91800,-1,5,slab
1890,2991354,2991353,21,46462,81878,91750,-1,5,slab
1891,2991355,2991354,21,46462,81880,91700,-1,5,slab
1892,2991356,2991355,21,46475,81893,91650,-1,5,slab
1893,2991357,2991356,21,46489,81907,91600,-1,5,slab
1894,2991358,2991357,21,46489,81897,91550,-1,5,slab
1895,2991359,2991358,21,46489,81888,91500,-1,5,slab
1896,2991360,2991359,21,46451,81890,91450,-1,5,slab
1897,2991361,2991360,21,46413,81891,91400,-1,5,slab
1898,2991362,2991361,21,46405,81890,91350,-1,5,slab
1899,2991363,2991362,21,46398,81888,91300,-1,5,slab
1900,2991364,2991363,21,46394,81880,91250,-1,5,slab
1901,2991365,2991364,21,46390,81872,91200,-1,5,slab
1902,2991366,2991365,21,46329,81861,91150,-1,5,slab
1903,2991367,2991366,21,46268,81850,91100,-1,5,slab
1904,2991425,2991367,21,46147,81891,91050,-1,5,slab
1905,2991426,2991425,21,46130,81886,91000,-1,5,slab
1906,2991427,2991426,21,46113,81880,90950,-1,5,slab
1907,2991428,2991427,21,45999,81833,90900,-1,5,slab
1908,2991429,2991428,21,45885,81785,90850,-1,5,slab
1909,2991430,2991429,21,45881,81755,90800,-1,5,slab
1910,2991431,2991430,21,45858,81728,90750,-1,5,slab
1911,2991432,2991431,21,45835,81701,90700,-1,5,slab
1912,2991433,2991432,21,45782,81681,90650,-1,5,slab
1913,2991434,2991433,21,45729,81660,90600,-1,5,slab
1914,2991435,2991434,21,45723,81612,90550,-1,5,slab
1915,2991436,2991435,21,45717,81565,90500,-1,5,slab
1916,2991437,2991436,21,45603,81511,90450,-1,5,slab
1917,2991438,2991437,21,45622,81472,90400,-1,5,slab
1918,2991439,2991438,21,45641,81432,90350,-1,5,slab
1919,2991440,2991439,21,45681,81363,90300,-1,5,slab
1920,2991441,2991440,21,45721,81295,90250,-1,5,slab
1921,2991442,2991441,21,45721,81287,90200,-1,5,slab
1922,2991443,2991442,21,45721,81280,90150,-1,5,slab
1923,2991444,2991443,21,45723,81244,90100,-1,5,slab
1924,2991445,2991444,21,45725,81207,90050,-1,5,slab
1925,2991446,2991445,21,45736,81204,90000,-1,5,slab
1926,2991447,2991446,21,45759,81147,89950,-1,5,slab
1927,2991448,2991447,21,45740,81055,89900,-1,5,slab
1928,2991449,2991448,21,45761,81054,89850,-1,5,slab
1929,2991450,2991449,21,45782,81052,89800,-1,5,slab
1930,2991451,2991450,21,45797,81044,89750,-1,5,slab
1931,2991452,2991451,21,45812,81036,89700,-1,5,slab
1932,2991453,2991452,21,45850,81002,89650,-1,5,slab
1933,2991454,2991453,21,45888,80968,89600,-1,5,slab
1934,2991455,2991454,21,45890,80959,89550,-1,5,slab
1935,2991456,2991455,21,45892,80949,89500,-1,5,slab
1936,2991457,2991456,21,45881,80962,89450,-1,5,slab
1937,2991458,2991457,21,45869,80976,89400,-1,5,slab
1938,2991459,2991458,21,45828,80979,89350,-1,5,slab
1939,2991460,2991459,21,45786,80983,89300,-1,5,slab
1940,2991461,2991460,21,45786,80983,89250,-1,5,slab
1941,2991462,2991461,21,45786,80983,89200,-1,5,slab
1942,2991463,2991462,21,45820,80947,89150,-1,5,slab
1943,2991464,2991463,21,45854,80911,89100,-1,5,slab
1944,2991465,2991464,21,45805,80922,89050,-1,5,slab
1945,2991466,2991465,21,45755,80934,89000,-1,5,slab
1946,2991467,2991466,21,45757,80890,88950,-1,5,slab
1947,2991468,2991467,21,45759,80846,88900,-1,5,slab
1948,2991469,2991468,21,45761,80820,88850,-1,5,slab
1949,2991470,2991469,21,45763,80793,88800,-1,5,slab
1950,2991471,2991470,21,45763,80793,88750,-1,5,slab
1951,2991472,2991471,21,45763,80793,88700,-1,5,slab
1952,2991473,2991472,21,45791,80738,88650,-1,5,slab
1953,2991474,2991473,21,45820,80683,88600,-1,5,slab
1954,2991475,2991474,21,45828,80651,88550,-1,5,slab
1955,2991476,2991475,21,45835,80618,88500,-1,5,slab
1956,2991477,2991476,21,45809,80599,88450,-1,5,slab
1957,2991478,2991477,21,45782,80580,88400,-1,5,slab
1958,2991479,2991478,21,45782,80599,88350,-1,5,slab
1959,2991480,2991479,21,45782,80618,88300,-1,5,slab
1960,2991481,2991480,21,45782,80599,88250,-1,5,slab
1961,2991482,2991481,21,45782,80580,88200,-1,5,slab
1962,2991483,2991482,21,45782,80618,88150,-1,5,slab
1963,2991484,2991483,21,45806,80620,88100,-1,5,slab
1964,2991485,2991484,21,45830,80621,88050,-1,5,slab
1965,2991486,2991485,21,45854,80622,88000,-1,5,slab
1966,2991487,2991486,21,45831,80643,87950,-1,5,slab
1967,2991488,2991487,21,45809,80664,87900,-1,5,slab
1968,2991489,2991488,21,45784,80708,87850,-1,5,slab
1969,2991490,2991489,21,45759,80751,87800,-1,5,slab
1970,2991491,2991490,21,45765,80731,87750,-1,5,slab
1971,2991492,2991491,21,45771,80710,87700,-1,5,slab
1972,2991493,2991492,21,45748,80759,87650,-1,5,slab
1973,2991494,2991493,21,45765,80753,87600,-1,5,slab
1974,2991495,2991494,21,45782,80748,87550,-1,5,slab
1975,2991496,2991495,21,45801,80719,87500,-1,5,slab
1976,2991497,2991496,21,45820,80691,87450,-1,5,slab
1977,2991498,2991497,21,45820,80715,87400,-1,5,slab
1978,2991499,2991498,21,45820,80740,87350,-1,5,slab
1979,2991500,2991499,21,45816,80761,87300,-1,5,slab
1980,2991501,2991500,21,45812,80782,87250,-1,5,slab
1981,2991502,2991501,21,45812,80793,87200,-1,5,slab
1982,2991503,2991502,21,45812,80805,87150,-1,5,slab
1983,2991504,2991503,21,45812,80805,87100,-1,5,slab
1984,2991505,2991504,21,45812,80805,87050,-1,5,slab
1985,2991506,2991505,21,45812,80805,87000,-1,5,slab
1986,2991507,2991506,21,45812,80805,86950,-1,5,slab
1987,2991508,2991507,21,45809,80816,86900,-1,5,slab
1988,2991509,2991508,21,45805,80827,86850,-1,5,slab
1989,2991510,2991509,21,45780,80873,86800,-1,5,slab
1990,2991511,2991510,21,45755,80919,86750,-1,5,slab
1991,2991512,2991511,21,45742,80962,86700,-1,5,slab
1992,2991513,2991512,21,45729,81006,86650,-1,5,slab
1993,2991514,2991513,21,45712,81044,86600,-1,5,slab
1994,2991515,2991514,21,45695,81082,86550,-1,5,slab
1995,2991516,2991515,21,45655,81128,86500,-1,5,slab
1996,2991517,2991516,21,45615,81173,86450,-1,5,slab
1997,2991518,2991517,21,45615,81185,86400,-1,5,slab
1998,2991519,2991518,21,45615,81196,86350,-1,5,slab
1999,2991520,2991519,21,45611,81175,86300,-1,5,slab
2000,2991521,2991520,21,45607,81154,86250,-1,5,slab
2001,2991522,2991521,21,45607,81175,86200,-1,5,slab
2002,2991523,2991522,21,45607,81196,86150,-1,5,slab
2003,2991524,2991523,21,45601,81207,86100,-1,5,slab
2004,2991525,2991524,21,45596,81219,86050,-1,5,slab
2005,2991526,2991525,21,45598,81283,86000,-1,5,slab
2006,2991527,2991526,21,45600,81348,85950,-1,5,slab
2007,2991528,2991527,21,45611,81354,85900,-1,5,slab
2008,2991529,2991528,21,45622,81359,85850,-1,5,slab
2009,2991530,2991529,21,45628,81394,85800,-1,5,slab
2010,2991531,2991530,21,45634,81428,85750,-1,5,slab
2011,2991532,2991531,21,45658,81435,85700,-1,5,slab
2012,2991533,2991532,21,45683,81443,85650,-1,5,slab
2013,2991534,2991533,21,45723,81454,85600,-1,5,slab
2014,2991535,2991534,21,45763,81466,85550,-1,5,slab
2015,2991536,2991535,21,45809,81473,85500,-1,5,slab
2016,2991537,2991536,21,45854,81481,85450,-1,5,slab
2017,2991538,2991537,21,45873,81432,85400,-1,5,slab
2018,2991539,2991538,21,45873,81449,85350,-1,5,slab
2019,2991540,2991539,21,45873,81466,85300,-1,5,slab
2020,2991541,2991540,21,45891,81467,85250,-1,5,slab
2021,2991542,2991541,21,45909,81468,85200,-1,5,slab
2022,2991543,2991542,21,45926,81470,85150,-1,5,slab
2023,2991544,2991543,21,45970,81485,85100,-1,5,slab
2024,2991545,2991544,21,46014,81500,85050,-1,5,slab
2025,2991546,2991545,21,46042,81500,85000,-1,5,slab
2026,2991547,2991546,21,46071,81500,84950,-1,5,slab
2027,2991548,2991547,21,46101,81506,84900,-1,5,slab
2028,2991549,2991548,21,46132,81511,84850,-1,5,slab
2029,2991550,2991549,21,46128,81513,84800,-1,5,slab
2030,2991551,2991550,21,46124,81515,84750,-1,5,slab
2031,2991552,2991551,21,46124,81515,84700,-1,5,slab
2032,2991553,2991552,21,46124,81515,84650,-1,5,slab
2033,2991554,2991553,21,46124,81515,84600,-1,5,slab
2034,2991555,2991554,21,46124,81515,84550,-1,5,slab
2035,2991556,2991555,21,46130,81536,84500,-1,5,slab
2036,2991557,2991556,21,46135,81557,84450,-1,5,slab
2037,2991558,2991557,21,46162,81532,84400,-1,5,slab
2038,2991559,2991558,21,46189,81508,84350,-1,5,slab
2039,2991560,2991559,21,46202,81504,84300,-1,5,slab
2040,2991561,2991560,21,46215,81500,84250,-1,5,slab
2041,2991562,2991561,21,46247,81494,84200,-1,5,slab
2042,2991563,2991562,21,46280,81489,84150,-1,5,slab
2043,2991564,2991563,21,46308,81472,84100,-1,5,slab
2044,2991565,2991564,21,46337,81454,84050,-1,5,slab
2045,2991566,2991565,21,46375,81447,84000,-1,5,slab
2046,2991567,2991566,21,46413,81439,83950,-1,5,slab
2047,2991568,2991567,21,46462,81418,83900,-1,5,slab
2048,2991569,2991568,21,46512,81397,83850,-1,5,slab
2049,2991570,2991569,21,46531,81382,83800,-1,5,slab
2050,2991571,2991570,21,46550,81367,83750,-1,5,slab
2051,2991572,2991571,21,46574,81358,83700,-1,5,slab
2052,2991573,2991572,21,46599,81348,83650,-1,5,slab
2053,2991574,2991573,21,46599,81327,83600,-1,5,slab
2054,2991575,2991574,21,46599,81306,83550,-1,5,slab
2055,2991576,2991575,21,46637,81321,83500,-1,5,slab
2056,2991577,2991576,21,46675,81337,83450,-1,5,slab
2057,2991578,2991577,21,46705,81312,83400,-1,5,slab
2058,2991579,2991578,21,46736,81287,83350,-1,5,slab
2059,2991580,2991579,21,46747,81293,83300,-1,5,slab
2060,2991581,2991580,21,46759,81299,83250,-1,5,slab
2061,2991582,2991581,21,46776,81302,83200,-1,5,slab
2062,2991583,2991582,21,46793,81306,83150,-1,5,slab
2063,2991584,2991583,21,46814,81299,83100,-1,5,slab
2064,2991585,2991584,21,46835,81291,83050,-1,5,slab
2065,2991586,2991585,21,46846,81297,83000,-1,5,slab
2066,2991587,2991586,21,46857,81302,82950,-1,5,slab
2067,2991588,2991587,21,46888,81304,82900,-1,5,slab
2068,2991589,2991588,21,46918,81306,82850,-1,5,slab
2069,2991590,2991589,21,46935,81291,82800,-1,5,slab
2070,2991591,2991590,21,46952,81276,82750,-1,5,slab
2071,2991592,2991591,21,46960,81274,82700,-1,5,slab
2072,2991593,2991592,21,46968,81272,82650,-1,5,slab
2073,2991594,2991593,21,46968,81272,82600,-1,5,slab
2074,2991595,2991594,21,46968,81272,82550,-1,5,slab
2075,2991596,2991595,21,46969,81274,82500,-1,5,slab
2076,2991597,2991596,21,46971,81276,82450,-1,5,slab
2077,2991598,2991597,21,46973,81268,82400,-1,5,slab
2078,2991599,2991598,21,46975,81261,82350,-1,5,slab
2079,2991600,2991599,21,46988,81261,82300,-1,5,slab
2080,2991601,2991600,21,47002,81261,82250,-1,5,slab
2081,2991602,2991601,21,47021,81264,82200,-1,5,slab
2082,2991603,2991602,21,47040,81268,82150,-1,5,slab
2083,2991604,2991603,21,47053,81225,82100,-1,5,slab
2084,2991605,2991604,21,47066,81181,82050,-1,5,slab
2085,2991606,2991605,21,47066,81164,82000,-1,5,slab
2086,2991607,2991606,21,47066,81147,81950,-1,5,slab
2087,2991608,2991607,21,47064,81048,81900,-1,5,slab
2088,2991609,2991608,21,47063,80949,81850,-1,5,slab
2089,2991610,2991609,21,47074,80898,81800,-1,5,slab
2090,2991611,2991610,21,47085,80846,81750,-1,5,slab
2091,2991612,2991611,21,47061,80784,81700,-1,5,slab
2092,2991613,2991612,21,47036,80721,81650,-1,5,slab
2093,2991614,2991613,21,47006,80717,81600,-1,5,slab
2094,2991615,2991614,21,46975,80713,81550,-1,5,slab
2095,2991618,2991615,21,46981,80655,81500,-1,5,slab
2096,2991619,2991618,21,46987,80596,81450,-1,5,slab
2097,2991620,2991619,21,46924,80577,81400,-1,5,slab
2098,2991621,2991620,21,46861,80558,81350,-1,5,slab
2099,2991622,2991621,21,46833,80533,81300,-1,5,slab
2100,2991623,2991622,21,46804,80508,81250,-1,5,slab
2101,2991624,2991623,21,46747,80466,81200,-1,5,slab
2102,2991625,2991624,21,46740,80455,81150,-1,5,slab
2103,2991626,2991625,21,46732,80444,81100,-1,5,slab
2104,2991627,2991626,21,46631,80385,81050,-1,5,slab
2105,2991628,2991627,21,46531,80326,81000,-1,5,slab
2106,2991629,2991628,21,46588,80305,80950,-1,5,slab
2107,2991631,2991630,21,46591,80257,80850,-1,5,slab
2108,2991657,2991631,21,46591,80242,80800,-1,5,slab
2109,2991658,2991657,21,46591,80227,80750,-1,5,slab
2110,2991630,2991629,21,46595,80288,80900,-1,5,slab
2111,2991666,2991658,21,46609,80173,80700,-1,5,slab
2112,2991667,2991666,21,46627,80118,80650,-1,5,slab
2113,2991668,2991667,21,46645,80064,80600,-1,5,slab
2114,2991669,2991668,21,46656,80035,80550,-1,5,slab
2115,2991670,2991669,21,46667,80007,80500,-1,5,slab
2116,2991678,2991670,21,46702,79961,80450,-1,5,slab
2117,2991679,2991678,21,46880,79912,80400,-1,5,slab
2118,2991786,2991679,21,46774,79762,80350,-1,5,slab
2119,2991787,2991786,21,46762,79722,80300,-1,5,slab
2120,2991788,2991787,21,46789,79674,80250,-1,5,slab
2121,2991789,2991788,21,46816,79627,80200,-1,5,slab
2122,2991790,2991789,21,46812,79585,80150,-1,5,slab
2123,2991791,2991790,21,46808,79543,80100,-1,5,slab
2124,2991807,2991791,21,46783,79515,80050,-1,5,slab
2125,2991808,2991807,21,46759,79486,80000,-1,5,slab
2126,2991812,2991808,21,46753,79480,79950,-1,5,slab
2127,2991813,2991812,21,46747,79475,79900,-1,5,slab
2128,2991816,2991813,21,46743,79416,79850,-1,5,slab
2129,2991817,2991816,21,46740,79357,79800,-1,5,slab
2130,2991818,2991817,21,46705,79334,79750,-1,5,slab
2131,2991819,2991818,21,46671,79311,79700,-1,5,slab
2132,2991821,2991819,21,46671,79311,79650,-1,5,slab
2133,2991828,2991821,21,46660,79287,79600,-1,5,slab
2134,2991829,2991828,21,46648,79263,79550,-1,5,slab
2135,2991830,2991829,21,46637,79239,79500,-1,5,slab
2136,2991832,2991830,21,46639,79220,79450,-1,5,slab
2137,2991833,2991832,21,46641,79201,79400,-1,5,slab
2138,2991836,2991833,21,46620,79129,79350,-1,5,slab
2139,2991837,2991836,21,46599,79057,79300,-1,5,slab
2140,2991842,2991837,21,46605,79043,79250,-1,5,slab
2141,2991843,2991842,21,46610,79030,79200,-1,5,slab
2142,2991844,2991843,21,46607,78979,79150,-1,5,slab
2143,2991845,2991844,21,46603,78927,79100,-1,5,slab
2144,2991851,2991845,21,46601,78876,79050,-1,5,slab
2145,2991852,2991851,21,46599,78825,79000,-1,5,slab
2146,2991854,2991852,21,46538,78783,78950,-1,5,slab
2147,2991857,2991854,21,46527,78734,78900,-1,5,slab
2148,2991874,2991857,21,46449,78715,78850,-1,5,branch
2149,2991875,2991874,21,46371,78696,78800,-1,5,slab
2150,2991879,2991875,21,46276,78692,78750,-1,5,slab
2151,2991880,2991879,21,46181,78688,78700,-1,5,slab
2152,2991903,2991880,21,46166,78663,78650,-1,5,slab
2153,2991904,2991903,21,46151,78639,78600,-1,5,slab
2154,2991905,2991904,21,46078,78665,78550,-1,5,slab
2155,2991954,2991905,21,46101,78675,78500,-1,5,slab
2156,2991955,2991954,21,46124,78684,78450,-1,5,slab
2157,2992029,2991955,21,46130,78658,78400,-1,5,slab
2158,2992030,2992029,21,46135,78631,78350,-1,5,slab
2159,2992031,2992030,21,46120,78635,78300,-1,5,slab
2160,2992032,2992031,21,46105,78639,78250,-1,5,slab
2161,2992057,2992032,21,46113,78665,78200,-1,5,slab
2162,2992105,2992057,21,46137,78659,78150,-1,5,branch
2163,2992107,2992106,21,46185,78646,78050,-1,5,end
2164,2992106,2992105,21,46142,78607,78100,-1,5,slab
2165,2992216,2992215,21,46531,78141,77950,-1,5,slab
2166,2992172,2991874,21,46470,78707,78800,-1,5,slab
2167,2992173,2992172,21,46470,78707,78750,-1,5,slab
2168,2992174,2992173,21,46466,78696,78700,-1,5,slab
2169,2992176,2992174,21,46470,78673,78650,-1,5,slab
2170,2992177,2992176,21,46485,78627,78600,-1,5,slab
2171,2992179,2992177,21,46485,78665,78550,-1,5,slab
2172,2992180,2992179,21,46550,78661,78500,-1,5,slab
2173,2992183,2992180,21,46607,78669,78450,-1,5,slab
2174,2992184,2992183,21,46607,78656,78400,-1,5,slab
2175,2992185,2992184,21,46607,78642,78350,-1,5,slab
2176,2992188,2992185,21,46846,78646,78300,-1,5,slab
2177,2992190,2992188,21,46903,78684,78250,-1,5,slab
2178,2992191,2992190,21,47055,78692,78200,-1,5,slab
2179,2992192,2992191,21,47097,78722,78150,-1,5,slab
2180,2992195,2992105,21,46379,78574,78150,-1,5,slab
2181,2992196,2992195,21,46546,78399,78150,-1,5,slab
2182,2992213,2992196,21,46481,78278,78100,-1,5,slab
2183,2992214,2992213,21,46576,78278,78050,-1,5,slab
2184,2992215,2992214,21,46572,78243,78000,-1,5,slab
2185,2992222,2992216,21,46572,78053,77900,-1,5,slab
2186,2992223,2992222,21,46572,77939,77850,-1,5,slab
2187,2992224,2992223,21,46561,77829,77800,-1,5,slab
2188,2992227,2992224,21,46546,77768,77750,-1,5,slab
2189,2992230,2992227,21,46496,77734,77700,-1,5,slab
2190,2992314,2992230,21,46466,77647,77650,-1,5,slab
2191,2992320,2992314,21,46367,77575,77600,-1,5,slab
2192,2992321,2992320,21,46371,77544,77550,-1,5,slab
2193,2992326,2992321,21,46316,77523,77500,-1,5,slab
2194,2992327,2992326,21,46261,77502,77450,-1,5,slab
2195,2992331,2992327,21,46255,77480,77400,-1,5,slab
2196,2992332,2992331,21,46249,77457,77350,-1,5,slab
2197,2992333,2992332,21,46228,77436,77300,-1,5,slab
2198,2992334,2992333,21,46208,77415,77250,-1,5,slab
2199,2992336,2992334,21,46198,77392,77200,-1,5,slab
2200,2992337,2992336,21,46189,77369,77150,-1,5,slab
2201,2992343,2992337,21,46190,77339,77100,-1,5,slab
2202,2992344,2992343,21,46192,77309,77050,-1,5,slab
2203,2992357,2992344,21,46223,77318,77000,-1,5,slab
2204,2992358,2992357,21,46253,77328,76950,-1,5,slab
2205,2992406,2992358,21,46202,77343,76900,-1,5,slab
2206,2992407,2992406,21,46151,77358,76850,-1,5,slab
2207,2992429,2992407,21,46128,77387,76800,-1,5,slab
2208,2992430,2992429,21,46105,77415,76750,-1,5,slab
2209,2992437,2992430,21,46071,77392,76700,-1,5,slab
2210,2992438,2992437,21,46037,77369,76650,-1,5,slab
2211,2992445,2992438,21,46042,77331,76600,-1,5,slab
2212,2992446,2992445,21,46048,77293,76550,-1,5,slab
2213,2992463,2992446,21,46014,77350,76500,-1,5,slab
2214,2992477,2992463,21,46018,77318,76450,-1,5,slab
2215,2992478,2992477,21,46021,77286,76400,-1,5,slab
2216,2992515,2992478,21,46037,77172,76350,-1,5,slab
2217,2992559,2992515,21,45972,76860,76300,-1,5,slab
2218,2992563,2992559,21,45957,76917,76250,-1,5,slab
2219,2992564,2992563,21,45949,76902,76200,-1,5,slab
2220,2992565,2992564,21,45961,76786,76150,-1,5,slab
2221,2992566,2992565,21,45972,76670,76100,-1,5,slab
2222,2992568,2992566,21,45930,76655,76050,-1,5,branch
2223,2992569,2992568,21,45888,76640,76000,-1,5,slab
2224,2992586,2992569,21,45885,76511,75950,-1,5,slab
2225,2992591,2992586,21,45934,76275,75900,-1,5,slab
2226,2992598,2992591,21,45932,76157,75850,-1,5,slab
2227,2992599,2992598,21,45930,76039,75800,-1,5,slab
2228,2992602,2992599,21,46021,76013,75750,-1,5,slab
2229,2992604,2992568,21,45767,76959,76050,-1,5,slab
2230,2992605,2992604,21,45744,77157,76000,-1,5,slab
2231,2992606,2992605,21,45790,77198,75950,-1,5,slab
2232,2992608,2992606,21,45818,77166,75900,-1,5,slab
2233,2992609,2992608,21,45847,77134,75850,-1,5,slab
2234,2992657,2992609,21,45923,76955,75800,-1,5,slab
2235,2992660,2992657,21,45942,76872,75750,-1,5,slab
2236,2992662,2992660,21,45923,76875,75700,-1,5,slab
2237,2992663,2992662,21,45911,76906,75650,-1,5,slab
2238,2992666,2992663,21,45911,76906,75600,-1,5,slab
2239,2992667,2992666,21,45942,76951,75550,-1,5,slab
2240,2992669,2992667,21,45983,76932,75500,-1,5,slab
2241,2992672,2992669,21,46067,76936,75450,-1,5,end
2242,2992723,2992602,21,46012,75992,75700,-1,5,slab
2243,2992724,2992723,21,46002,75971,75650,-1,5,slab
2244,2992726,2992724,21,45926,75954,75600,-1,5,slab
2245,2992727,2992726,21,45850,75937,75550,-1,5,slab
2246,2992728,2992727,21,45869,75912,75500,-1,5,slab
2247,2992729,2992728,21,45888,75887,75450,-1,5,slab
2248,2992730,2992729,21,45898,75887,75400,-1,5,slab
2249,2992731,2992730,21,45907,75887,75350,-1,5,slab
2250,2992739,2992731,21,45904,75887,75300,-1,5,slab
2251,2992740,2992739,21,45900,75887,75250,-1,5,slab
2252,2992748,2992740,21,45949,75979,75200,-1,5,slab
2253,2992749,2992748,21,45949,75982,75150,-1,5,slab
2254,2992782,2992749,21,45942,75958,75100,-1,5,slab
2255,2992783,2992782,21,45934,75934,75050,-1,5,slab
2256,2992784,2992783,21,45926,75910,75000,-1,5,slab
2257,2992786,2992784,21,45873,75754,74950,-1,5,slab
2258,2992788,2992786,21,45858,75754,74900,-1,5,branch
2259,2992789,2992788,21,45843,75754,74850,-1,5,slab
2260,2992818,2992788,21,46056,75789,74900,-1,5,slab
2261,2992824,2992818,21,46173,75792,74850,-1,5,slab
2262,2992825,2992824,21,46173,75792,74800,-1,5,slab
2263,2992826,2992825,21,46238,75743,74750,-1,5,slab
2264,2992830,2992789,21,45767,75678,74800,-1,5,slab
2265,2992887,2992830,21,45759,75614,74750,-1,5,slab
2266,2992920,2992887,21,45759,75616,74700,-1,5,slab
2267,2992921,2992920,21,45759,75618,74650,-1,5,slab
2268,2992924,2992921,21,45744,75618,74600,-1,5,slab
2269,2992925,2992924,21,45729,75618,74550,-1,5,slab
2270,2992933,2992925,21,45721,76180,74500,-1,5,slab
2271,2992938,2992933,21,45672,75488,74450,-1,5,slab
2272,2993001,2992938,21,45651,75481,74400,-1,5,branch
2273,2993002,2993001,21,45630,75473,74350,-1,5,slab
2274,2993010,2993001,21,45451,75671,74400,-1,5,slab
2275,2993011,2993010,21,45303,75724,74350,-1,5,slab
2276,2993012,2993011,21,45322,75766,74300,-1,5,slab
2277,2993014,2993012,21,45204,75876,74250,-1,5,slab
2278,2993019,2993014,21,44999,75922,74250,-1,5,slab
2279,2993023,2993019,21,44995,75846,74200,-1,5,end
2280,2993103,2993002,21,45744,75340,74300,-1,5,slab
2281,2993105,2993103,21,45710,75295,74250,-1,5,slab
2282,2993202,2993105,21,45698,75192,74200,-1,5,slab
2283,2993203,2993202,21,45649,75192,74150,-1,5,slab
2284,2993204,2993203,21,45590,75175,74100,-1,5,slab
2285,2993205,2993204,21,45531,75158,74050,-1,5,slab
2286,2993219,2993205,21,45505,75036,74000,-1,5,slab
2287,2993309,2993219,21,45506,74981,73950,-1,5,slab
2288,2993310,2993309,21,45508,74926,73900,-1,5,slab
2289,2993313,2993310,21,45508,74884,73850,-1,5,slab
2290,2993314,2993313,21,45508,74842,73800,-1,5,slab
2291,2993317,2993314,21,45463,74782,73750,-1,5,slab
2292,2993320,2993317,21,45463,74736,73700,-1,5,slab
2293,2993323,2993320,21,45406,74679,73650,-1,5,slab
2294,2993331,2993323,21,45402,74603,73600,-1,5,slab
2295,2993337,2993331,21,45394,74512,73550,-1,5,slab
2296,2993343,2993337,21,45381,74442,73500,-1,5,slab
2297,2993344,2993343,21,45368,74371,73450,-1,5,slab
2298,2993351,2993344,21,45389,74267,73400,-1,5,slab
2299,2993352,2993351,21,45410,74162,73350,-1,5,slab
2300,2993366,2993352,21,45413,73972,73350,-1,5,slab
2301,2993369,2993366,21,45391,73744,73300,-1,5,slab
2302,2993370,2993369,21,45383,73524,73250,-1,5,slab
2303,2993371,2993370,21,45368,73349,73200,-1,5,slab
2304,2993372,2993371,21,45375,73182,73150,-1,5,slab
2305,2993373,2993372,21,45410,73239,73100,-1,5,slab
2306,2993604,2992192,21,47188,78707,78100,-1,5,slab
2307,2993605,2993604,21,47222,78753,78050,-1,5,slab
2308,2993606,2993605,21,47310,78756,78000,-1,5,slab
2309,2993607,2993606,21,47386,78764,77950,-1,5,slab
2310,2993608,2993607,21,47420,78798,77900,-1,5,slab
2311,2993609,2993608,21,47484,78806,77850,-1,5,slab
2312,2993610,2993609,21,47439,78806,77800,-1,5,end
2313,2993616,2992826,21,46280,75751,74700,-1,5,slab
2314,2993618,2993616,21,46291,75773,74650,-1,5,slab
2315,2993619,2993618,21,46303,75796,74600,-1,5,slab
2316,2993621,2993619,21,46291,75796,74550,-1,5,slab
2317,2993623,2993621,21,46303,76271,74500,-1,5,slab
2318,2993629,2993623,21,46287,75640,74450,-1,5,end
2319,2993662,2993373,21,45427,73189,73050,-1,5,slab
2320,2993663,2993662,21,45444,73140,73000,-1,5,slab
2321,2993664,2993663,21,45449,73098,72950,-1,5,slab
2322,2993665,2993664,21,45455,73056,72900,-1,5,slab
2323,2993666,2993665,21,45506,72984,72850,-1,5,slab
2324,2993667,2993666,21,45558,72912,72800,-1,5,slab
2325,2993668,2993667,21,45554,72916,72750,-1,5,slab
2326,2993669,2993668,21,45550,72920,72700,-1,5,slab
2327,2993670,2993669,21,45527,72865,72650,-1,5,slab
2328,2993671,2993670,21,45505,72809,72600,-1,5,slab
2329,2993672,2993671,21,45465,72781,72550,-1,5,slab
2330,2993673,2993672,21,45425,72752,72500,-1,5,slab
2331,2993674,2993673,21,45284,72711,72450,-1,5,slab
2332,2993675,2993674,21,45218,72695,72400,-1,5,slab
2333,2993676,2993675,21,45151,72680,72350,-1,5,slab
2334,2993677,2993676,21,45060,72593,72300,-1,5,slab
2335,2993678,2993677,21,45037,72538,72250,-1,5,slab
2336,2993679,2993678,21,45014,72483,72200,-1,5,slab
2337,2993680,2993679,21,45009,72384,72150,-1,5,slab
2338,2993681,2993680,21,45003,72285,72100,-1,5,slab
2339,2993682,2993681,21,45009,72158,72050,-1,5,slab
2340,2993683,2993682,21,45014,72030,72000,-1,5,slab
2341,2993684,2993683,21,44995,71992,71950,-1,5,slab
2342,2993685,2993684,21,44976,71954,71900,-1,5,slab
2343,2993686,2993685,21,44944,71896,71850,-1,5,slab
2344,2993687,2993686,21,44912,71837,71800,-1,5,slab
2345,2993688,2993687,21,44885,71793,71750,-1,5,slab
2346,2993689,2993688,21,44859,71749,71700,-1,5,slab
2347,2993690,2993689,21,44828,71631,71650,-1,5,slab
2348,2993691,2993690,21,44851,71498,71600,-1,5,slab
2349,2993692,2993691,21,44851,71498,71550,-1,5,slab
2350,2993693,2993692,21,44834,71483,71500,-1,5,slab
2351,2993694,2993693,21,44817,71468,71450,-1,5,slab
2352,2993695,2993694,21,44794,71430,71400,-1,5,slab
2353,2993696,2993695,21,44771,71392,71350,-1,5,slab
2354,2993697,2993696,21,44756,71369,71300,-1,5,slab
2355,2993698,2993697,21,44577,71381,71250,-1,5,slab
2356,2993699,2993698,21,44710,71346,71200,-1,5,slab
2357,2993700,2993699,21,44555,71339,71150,-1,5,slab
2358,2993701,2993700,21,44653,71263,71100,-1,5,slab
2359,2993702,2993701,21,44661,71217,71050,-1,5,slab
2360,2993703,2993702,21,44665,71202,71000,-1,5,slab
2361,2993704,2993703,21,44669,71187,70950,-1,5,slab
2362,2993705,2993704,21,44653,71149,70900,-1,5,slab
2363,2993706,2993705,21,44638,71111,70850,-1,5,slab
2364,2993707,2993706,21,44613,71063,70800,-1,5,slab
2365,2993708,2993707,21,44589,71016,70750,-1,5,slab
2366,2993709,2993708,21,44591,70976,70700,-1,5,slab
2367,2993710,2993709,21,44593,70936,70650,-1,5,slab
2368,2993711,2993710,21,44606,70908,70600,-1,5,slab
2369,2993712,2993711,21,44619,70879,70550,-1,5,slab
2370,2993713,2993712,21,44610,70814,70500,-1,5,slab
2371,2993714,2993713,21,44600,70750,70450,-1,5,slab
2372,2993715,2993714,21,44551,70712,70400,-1,5,slab
2373,2993716,2993715,21,44501,70674,70350,-1,5,slab
2374,2993717,2993716,21,44433,70632,70300,-1,5,slab
2375,2993718,2993717,21,44403,70579,70250,-1,5,slab
2376,2993719,2993718,21,44372,70526,70200,-1,5,slab
2377,2993720,2993719,21,44349,70520,70150,-1,5,slab
2378,2993721,2993720,21,44327,70514,70100,-1,5,slab
2379,2993722,2993721,21,44285,70499,70050,-1,5,slab
2380,2993723,2993722,21,44243,70484,70000,-1,5,slab
2381,2993724,2993723,21,44239,70474,69950,-1,5,slab
2382,2993725,2993724,21,44235,70465,69900,-1,5,slab
2383,2993726,2993725,21,44201,70471,69850,-1,5,slab
2384,2993727,2993726,21,44167,70476,69800,-1,5,slab
2385,2993728,2993727,21,44150,70480,69750,-1,5,slab
2386,2993729,2993728,21,44133,70484,69700,-1,5,slab
2387,2993730,2993729,21,44119,70431,69650,-1,5,slab
2388,2993731,2993730,21,44106,70377,69600,-1,5,slab
2389,2993732,2993731,21,44097,70357,69550,-1,5,slab
2390,2993733,2993732,21,44087,70336,69500,-1,5,slab
2391,2993734,2993733,21,44078,70309,69450,-1,5,slab
2392,2993735,2993734,21,44069,70282,69400,-1,5,slab
2393,2993736,2993735,21,44061,70256,69350,-1,5,slab
2394,2993737,2993736,21,44034,70233,69300,-1,5,slab
2395,2993738,2993737,21,44007,70210,69250,-1,5,slab
2396,2993739,2993738,21,44009,70176,69200,-1,5,slab
2397,2993740,2993739,21,44011,70142,69150,-1,5,slab
2398,2993741,2993740,21,44011,70134,69100,-1,5,slab
2399,2993742,2993741,21,44011,70127,69050,-1,5,slab
2400,2993743,2993742,21,44002,70081,69000,-1,5,slab
2401,2993744,2993743,21,43992,70035,68950,-1,5,slab
2402,2993745,2993744,21,43967,69921,68900,-1,5,slab
2403,2993746,2993745,21,43943,69807,68850,-1,5,slab
2404,2993747,2993746,21,43960,69714,68800,-1,5,slab
2405,2993748,2993747,21,43977,69621,68750,-1,5,slab
2406,2993749,2993748,21,43958,69505,68700,-1,5,slab
2407,2993750,2993749,21,43939,69389,68650,-1,5,slab
2408,2993751,2993750,21,43958,69298,68600,-1,5,slab
2409,2993752,2993751,21,43981,69243,68550,-1,5,slab
2410,2993753,2993752,21,44004,69188,68500,-1,5,slab
2411,2993754,2993753,21,44004,69188,68450,-1,5,slab
2412,2993755,2993754,21,44009,69097,68400,-1,5,slab
2413,2993756,2993755,21,44015,69006,68350,-1,5,slab
2414,2993757,2993756,21,44002,68989,68300,-1,5,slab
2415,2993758,2993757,21,43988,68971,68250,-1,5,slab
2416,2993759,2993758,21,43985,68916,68200,-1,5,slab
2417,2993760,2993759,21,43981,68861,68150,-1,5,slab
2418,2993761,2993760,21,43971,68802,68100,-1,5,slab
2419,2993762,2993761,21,43962,68743,68050,-1,5,slab
2420,2993763,2993762,21,43874,68637,68000,-1,5,slab
2421,2993764,2993763,21,43905,68599,67950,-1,5,slab
2422,2993765,2993764,21,43890,68584,67900,-1,5,slab
2423,2993766,2993765,21,43874,68569,67850,-1,5,slab
2424,2993767,2993766,21,43800,68519,67800,-1,5,slab
2425,2993768,2993767,21,43726,68470,67750,-1,5,slab
2426,2993769,2993768,21,43700,68424,67700,-1,5,slab
2427,2993770,2993769,21,43673,68379,67650,-1,5,slab
2428,2993771,2993770,21,43546,68284,67600,-1,5,slab
2429,2993772,2993771,21,43418,68189,67550,-1,5,slab
2430,2993773,2993772,21,43416,68153,67500,-1,5,slab
2431,2993774,2993773,21,43415,68116,67450,-1,5,slab
2432,2993775,2993774,21,43392,68052,67400,-1,5,slab
2433,2993776,2993775,21,43369,67987,67350,-1,5,slab
2434,2993777,2993776,21,43363,67993,67300,-1,5,slab
2435,2993778,2993777,21,43358,67999,67250,-1,5,slab
2436,2993779,2993778,21,43342,67980,67200,-1,5,slab
2437,2993780,2993779,21,43327,67961,67150,-1,5,slab
2438,2993781,2993780,21,43283,67928,67100,-1,5,slab
2439,2993782,2993781,21,43240,67896,67050,-1,5,slab
2440,2993783,2993782,21,43190,67828,67000,-1,5,slab
2441,2993784,2993783,21,43141,67759,66950,-1,5,slab
2442,2993785,2993784,21,43137,67693,66900,-1,5,slab
2443,2993786,2993785,21,43133,67626,66850,-1,5,slab
2444,2993787,2993786,21,43084,67603,66800,-1,5,slab
2445,2993788,2993787,21,43035,67581,66750,-1,5,slab
2446,2993789,2993788,21,43038,67527,66700,-1,5,slab
2447,2993790,2993789,21,43042,67474,66650,-1,5,slab
2448,2993791,2993790,21,43008,67440,66600,-1,5,slab
2449,2993792,2993791,21,42974,67406,66550,-1,5,slab
2450,2993793,2993792,21,42940,67370,66500,-1,5,slab
2451,2993794,2993793,21,42905,67334,66450,-1,5,slab
2452,2993795,2993794,21,42924,67296,66400,-1,5,slab
2453,2993796,2993795,21,42943,67258,66350,-1,5,slab
2454,2993797,2993796,21,42991,67185,66300,-1,5,slab
2455,2993798,2993797,21,43038,67113,66250,-1,5,branch
2456,2993799,2993798,21,43027,66999,66200,-1,5,slab
2457,2993800,2993799,21,43014,66950,66150,-1,5,slab
2458,2993801,2993800,21,43000,66900,66100,-1,5,slab
2459,2993802,2993798,21,43179,66992,66250,-1,5,slab
2460,2993803,2993802,21,43339,66885,66200,-1,5,slab
2461,2993804,2993803,21,43430,66832,66150,-1,5,slab
2462,2993805,2993804,21,43483,66767,66100,-1,5,slab
2463,2993806,2993805,21,43536,66703,66050,-1,5,slab
2464,2993807,2993806,21,43563,66733,66000,-1,5,end
2465,2993809,2993801,21,42998,66861,66050,-1,5,slab
2466,2993810,2993809,21,42997,66821,66000,-1,5,slab
2467,2993811,2993810,21,43033,66756,65950,-1,5,slab
2468,2993812,2993811,21,43069,66691,65900,-1,5,slab
2469,2993813,2993812,21,43038,66615,65850,-1,5,slab
2470,2993830,2993813,21,43050,66644,65800,-1,5,slab
2471,2993831,2993830,21,43061,66672,65750,-1,5,slab
2472,2993832,2993831,21,43065,66653,65700,-1,5,slab
2473,2993833,2993832,21,43069,66634,65650,-1,5,slab
2474,2993834,2993833,21,43059,66562,65600,-1,5,slab
2475,2993835,2993834,21,43050,66490,65550,-1,5,slab
2476,2993836,2993835,21,43019,66439,65500,-1,5,slab
2477,2993837,2993836,21,42989,66387,65450,-1,5,slab
2478,2993838,2993837,21,42985,66355,65400,-1,5,slab
2479,2993839,2993838,21,42981,66323,65350,-1,5,slab
2480,2993840,2993839,21,42968,66298,65300,-1,5,slab
2481,2993841,2993840,21,42955,66273,65250,-1,5,slab
2482,2993842,2993841,21,42936,66224,65200,-1,5,slab
2483,2993843,2993842,21,42917,66175,65150,-1,5,slab
2484,2993844,2993843,21,42846,66133,65100,-1,5,slab
2485,2993845,2993844,21,42776,66091,65050,-1,5,slab
2486,2993846,2993845,21,42782,66044,65000,-1,5,slab
2487,2993847,2993846,21,42788,65996,64950,-1,5,slab
2488,2993848,2993847,21,42772,65996,64900,-1,5,slab
2489,2993849,2993848,21,42757,65996,64850,-1,5,slab
2490,2993850,2993849,21,42750,65998,64800,-1,5,slab
2491,2993851,2993850,21,42742,66000,64750,-1,5,slab
2492,2993852,2993851,21,42636,65947,64700,-1,5,slab
2493,2993853,2993852,21,42518,65909,64650,-1,5,slab
2494,2993854,2993853,21,42478,65907,64600,-1,5,slab
2495,2993855,2993854,21,42438,65905,64550,-1,5,slab
2496,2993857,2993855,21,42447,65888,64500,-1,5,slab
2497,2993858,2993857,21,42457,65871,64450,-1,5,slab
2498,2993859,2993858,21,42373,65795,64400,-1,5,slab
2499,2993860,2993859,21,42347,65798,64350,-1,5,slab
2500,2993861,2993860,21,42328,65798,64300,-1,5,slab
2501,2993862,2993861,21,42275,65730,64250,-1,5,slab
2502,7392227,7392229,2,41237,65230,61650,-1,5,slab
2503,7392229,7392230,2,41252,65235,61700,-1,5,slab
2504,7392233,7392234,2,41277,65266,61850,-1,5,slab
2505,7392234,7392235,2,41271,65287,61900,-1,5,slab
2506,7392238,7392239,2,41285,65331,62050,-1,5,slab
2507,7392239,7392240,2,41309,65333,62100,-1,5,slab
2508,7392242,7392243,2,41394,65291,62250,-1,5,slab
2509,7392243,7392244,2,41430,65246,62300,-1,5,slab
2510,7392244,21504985,2,41465,65200,62350,-1,5,slab
2511,4845976,17989277,3,62392,85674,116250,-1,5,end
2512,3968540,17989374,3,62342,85230,114750,-1,5,end
2513,4182932,17989592,3,64102,86180,111450,-1,5,branch
2514,4182960,17989695,3,64151,86043,111600,-1,5,end
2515,4198676,17988873,3,62793,85131,116600,-1,5,end
2516,4204841,2951932,3,62035,85032,122550,-1,5,slab
2517,4204838,4204841,3,61865,84899,122500,-1,5,end
2518,7599382,2949001,3,63243,84735,127500,-1,5,slab
2519,7599383,7599382,3,63251,84723,127550,-1,5,slab
2520,7599385,7599383,3,63277,84710,127600,-1,5,slab
2521,7599386,2951927,3,62038,85116,122700,-1,5,slab
2522,7599387,7599386,3,62021,85112,122750,-1,5,slab
2523,7599388,7599387,3,62003,85108,122800,-1,5,slab
2524,7599389,7599388,3,61985,85103,122850,-1,5,slab
2525,7599390,7599389,3,61944,85081,122900,-1,5,slab
2526,7599391,7599390,3,61903,85058,122950,-1,5,slab
2527,4168899,7599391,3,61932,85028,123000,-1,5,slab
2528,7599416,4168899,3,61873,85057,123050,-1,5,slab
2529,7599417,7599416,3,61884,85077,123100,-1,5,slab
2530,7599418,7599417,3,61896,85097,123150,-1,5,end
2531,7599420,7599385,3,63311,84745,127650,-1,5,slab
2532,7599421,7599420,3,63378,84715,127700,-1,5,slab
2533,7599422,7599421,3,63413,84724,127750,-1,5,slab
2534,7599423,7599422,3,63449,84733,127800,-1,5,slab
2535,7599424,7599423,3,63484,84741,127850,-1,5,slab
2536,7599425,7599424,3,63568,84722,127900,-1,5,slab
2537,7599426,7599425,3,63619,84704,127950,-1,5,slab
2538,7599427,7599426,3,63670,84686,128000,-1,5,slab
2539,7599428,7599427,3,63674,84654,128050,-1,5,slab
2540,7599429,7599428,3,63678,84622,128100,-1,5,slab
2541,7599430,7599429,3,63682,84589,128150,-1,5,slab
2542,7599431,7599430,3,63707,84562,128200,-1,5,slab
2543,7599432,7599431,3,63733,84534,128250,-1,5,slab
2544,7599433,7599432,3,63824,84494,128300,-1,5,branch
2545,7599434,7599433,3,63916,84453,128350,-1,5,branch
2546,7599435,7599434,3,63867,84448,128400,-1,5,slab
2547,7599436,7599435,3,63818,84443,128450,-1,5,slab
2548,7599437,7599436,3,63769,84437,128500,-1,5,slab
2549,7599438,7599437,3,63753,84419,128550,-1,5,slab
2550,7599439,7599438,3,63737,84401,128600,-1,5,branch
2551,7599440,7599434,3,64151,84698,128350,-1,5,slab
2552,7599441,7599440,3,64259,85101,128350,-1,5,branch
2553,7599442,7599441,3,64436,85362,128350,-1,5,slab
2554,7599443,7599442,3,64539,85542,128400,-1,5,slab
2555,7599444,7599443,3,64605,85601,128450,-1,5,slab
2556,7599445,7599444,3,64611,85643,128500,-1,5,slab
2557,7599446,7599445,3,64617,85685,128550,-1,5,slab
2558,3588677,7599446,3,64569,85678,128600,-1,5,slab
2559,7599449,2443942,3,64533,85801,128700,-1,5,slab
2560,7599473,7599441,3,64210,85003,128400,-1,5,slab
2561,7599474,7599473,3,64197,84990,128450,-1,5,slab
2562,7599475,7599474,3,64183,84978,128500,-1,5,slab
2563,7599476,7599475,3,64157,84993,128550,-1,5,slab
2564,7599494,7599476,3,64121,84983,128600,-1,5,end
2565,7599496,7599433,3,64145,84515,128250,-1,5,slab
2566,7599497,7599496,3,64168,84569,128200,-1,5,slab
2567,7646922,2951970,3,63414,84000,123000,-1,5,end
2568,7732967,15219120,3,66823,84056,140800,-1,5,slab
2569,7843987,21735718,38,66135,86149,120650,-1,5,end
2570,9881162,17989623,3,64495,86467,110750,-1,5,slab
2571,8615859,17989043,3,62054,85745,116500,-1,5,end
2572,61579274,2976428,38,87896,88594,123750,-1,5,slab
2573,61579288,61579274,38,88005,88122,123750,-1,5,end
2574,15610700,2975837,6,63144,84607,125800,-1,5,slab
2575,15610701,15610700,6,63133,84630,125750,-1,5,slab
2576,15610702,15610701,6,63122,84653,125700,-1,5,slab
2577,15610703,15610702,6,63084,84644,125650,-1,5,slab
2578,15610704,15610703,6,63046,84634,125600,-1,5,slab
2579,15610705,15610704,6,63023,84668,125550,-1,5,slab
2580,15610706,15610705,6,62999,84703,125500,-1,5,slab
2581,15610708,15610706,6,62936,84695,125450,-1,5,slab
2582,15610709,15610708,6,62932,84682,125400,-1,5,end
2583,15610698,15610699,6,63274,84448,126300,-1,5,slab
2584,15610696,15610698,6,63278,84459,126250,-1,5,slab
2585,15610695,15610696,6,63277,84459,126200,-1,5,slab
2586,15089740,15610695,6,63275,84458,126150,-1,5,slab
2587,15610693,15089740,6,63227,84444,126100,-1,5,slab
2588,15610692,15610693,6,63215,84461,126050,-1,5,slab
2589,15610691,15610692,6,63204,84477,126000,-1,5,slab
2590,15610690,15610691,6,63193,84494,125950,-1,5,slab
2591,15610689,15610690,6,63174,84539,125900,-1,5,slab
2592,2975837,15610689,21,63156,84584,125850,-1,5,slab
2593,15610699,2954831,6,63284,84427,126350,-1,5,slab
2594,17988700,17988661,54,63581,84011,116200,-1,5,branch
2595,17988701,17988700,54,63501,83844,116200,-1,5,slab
2596,17988702,17988701,54,63444,83726,116200,-1,5,slab
2597,17988706,17988700,54,63631,84011,116250,-1,5,slab
2598,17988707,17988706,54,63623,84008,116300,-1,5,slab
2599,17988708,17988707,54,63665,84000,116350,-1,5,slab
2600,17988710,17988708,54,63661,84042,116400,-1,5,slab
2601,17988685,17988684,54,63623,84528,116350,-1,5,slab
2602,17988721,17988685,54,63653,84574,116400,-1,5,slab
2603,17988690,17988862,54,63171,84897,116300,-1,5,slab
2604,17988688,17988690,54,63444,84718,116300,-1,5,slab
2605,17988684,17988688,54,63570,84555,116300,-1,5,branch
2606,17988682,17988684,54,63615,84528,116250,-1,5,slab
2607,17988661,17988682,54,63551,84380,116200,-1,5,branch
2608,17988660,17988661,54,63623,84353,116150,-1,5,slab
2609,17988659,17988660,54,63638,84312,116100,-1,5,slab
2610,17988730,17988710,54,63676,84042,116450,-1,5,slab
2611,17988734,17988730,54,63665,84065,116500,-1,5,slab
2612,17988735,17988734,54,63691,84065,116550,-1,5,slab
2613,17988738,17988735,54,63710,84091,116600,-1,5,slab
2614,17988740,17988738,54,63752,84095,116650,-1,5,slab
2615,17988742,17988740,54,63745,84118,116700,-1,5,slab
2616,17988744,17988742,54,63737,84122,116750,-1,5,slab
2617,17988746,17988744,54,63752,84118,116800,-1,5,slab
2618,17988747,17988746,54,63718,84110,116850,-1,5,slab
2619,17988748,17988747,54,63707,84118,116900,-1,5,end
2620,17988756,17988721,54,63707,84631,116450,-1,5,slab
2621,17988757,17988756,54,63680,84680,116500,-1,5,slab
2622,17988758,17988757,54,63676,84726,116550,-1,5,slab
2623,17988759,17988758,54,63642,84771,116600,-1,5,slab
2624,17988761,17988759,54,63634,84794,116650,-1,5,slab
2625,17988762,17988761,54,63634,84798,116700,-1,5,slab
2626,17988767,17988762,54,63589,84787,116750,-1,5,slab
2627,17988769,17988767,54,63558,84771,116800,-1,5,slab
2628,17988775,17988769,54,63513,84779,116850,-1,5,slab
2629,17988776,17988775,54,63513,84798,116900,-1,5,slab
2630,17988777,17988776,54,63513,84794,116950,-1,5,slab
2631,17988784,17988777,54,63608,84828,117000,-1,5,slab
2632,17988785,17988784,54,63623,84866,117050,-1,5,slab
2633,17988787,17988785,54,63650,84859,117100,-1,5,slab
2634,17988788,17988787,54,63695,84866,117150,-1,5,branch
2635,5099324,17988788,16,63779,84869,117150,-1,5,end
2636,17988799,17988788,54,63737,84859,117200,-1,5,slab
2637,17988808,17988802,54,63661,84901,117400,-1,5,slab
2638,17988814,17988808,54,63672,84946,117450,-1,5,slab
2639,17988815,17988814,54,63718,85034,117500,-1,5,end
2640,17988869,17988867,54,62662,85292,116500,-1,5,slab
2641,17988870,17988869,54,62700,85269,116550,-1,5,slab
2642,17988873,17988870,54,62779,85201,116600,-1,5,branch
2643,17988882,17988873,54,62810,85178,116650,-1,5,slab
2644,17988883,17988882,54,62821,85174,116700,-1,5,slab
2645,17988868,17989043,54,62038,85828,116450,-1,5,branch
2646,17988867,17988868,54,62627,85319,116450,-1,5,branch
2647,17988866,17988867,54,62992,85015,116450,-1,5,slab
2648,17988864,17988866,54,63083,84935,116400,-1,5,slab
2649,17988862,17988864,54,63156,84901,116350,-1,5,slab
2650,17988885,17988883,54,62776,85148,116750,-1,5,slab
2651,17988888,17988885,54,62757,85091,116800,-1,5,branch
2652,17988894,17988888,54,62722,85037,116850,-1,5,slab
2653,17988895,17988894,54,62696,85030,116900,-1,5,slab
2654,17988911,14927811,54,62787,84912,117250,-1,5,slab
2655,17988912,17988911,54,62859,84935,117300,-1,5,slab
2656,17988913,17988912,54,62878,84885,117350,-1,5,slab
2657,17988914,17988913,54,62874,84851,117400,-1,5,slab
2658,17988915,17988914,54,62905,84783,117450,-1,5,slab
2659,17988916,17988915,54,62928,84730,117500,-1,5,slab
2660,17988918,17988916,54,62787,84654,117550,-1,5,slab
2661,17988922,17988918,54,62753,84673,117600,-1,5,slab
2662,17988924,17988922,54,62730,84631,117650,-1,5,slab
2663,17988926,17988924,54,62620,84604,117700,-1,5,end
2664,17988942,17988888,54,62483,84901,116800,-1,5,slab
2665,17988944,17988942,54,62342,84551,116800,-1,5,branch
2666,17988946,17988944,54,62160,84258,116800,-1,5,slab
2667,17988947,17988946,54,62069,84061,116800,-1,5,slab
2668,17988949,17988947,54,62008,83935,116850,-1,5,slab
2669,17988950,17988949,54,61921,83685,116850,-1,5,slab
2670,17988952,17988950,54,61845,83658,116850,-1,5,slab
2671,17988956,17988952,54,61734,83571,116900,-1,5,slab
2672,17988957,17988956,54,61651,83521,116900,-1,5,slab
2673,17988958,17988957,54,61582,83559,116900,-1,5,slab
2674,17988959,17988958,54,61579,83483,116900,-1,5,slab
2675,17988994,17988990,54,62369,84502,116700,-1,5,slab
2676,17989003,17988994,54,62358,84528,116650,-1,5,slab
2677,17989004,17989003,54,62369,84524,116600,-1,5,slab
2678,17989006,17989004,54,62342,84521,116550,-1,5,slab
2679,17989008,17989006,54,62323,84528,116500,-1,5,slab
2680,17989010,17989008,54,62316,84528,116450,-1,5,slab
2681,17989011,17989010,54,62365,84513,116400,-1,5,slab
2682,17989015,17989011,54,62430,84483,116350,-1,5,end
2683,17989043,17989113,54,62084,85801,116500,-1,5,branch
2684,17989130,17989139,54,61670,86200,117050,-1,5,slab
2685,17989127,17989130,54,61700,86151,117000,-1,5,slab
2686,17989126,17989127,54,61753,86128,116950,-1,5,branch
2687,17989125,17989126,54,61769,86071,116900,-1,5,slab
2688,17989124,17989125,54,61829,86022,116850,-1,5,slab
2689,17989123,17989124,54,61871,85957,116800,-1,5,slab
2690,17989121,17989123,54,61928,85919,116750,-1,5,slab
2691,17989120,17989121,54,61951,85900,116700,-1,5,slab
2692,17989117,17989120,54,61985,85892,116650,-1,5,slab
2693,17989115,17989117,54,62019,85870,116600,-1,5,slab
2694,17989113,17989115,54,62080,85843,116550,-1,5,slab
2695,17989135,17989126,54,61799,85843,116950,-1,5,end
2696,17989162,17989158,54,61358,86390,117650,-1,5,end
2697,17989189,17989190,54,61814,86717,118300,-1,5,slab
2698,17989188,17989189,54,61807,86706,118250,-1,5,slab
2699,17989253,17989255,54,62213,87409,120650,-1,5,slab
2700,17989251,17989253,54,62206,87424,120600,-1,5,slab
2701,17989250,17989251,54,62194,87416,120550,-1,5,slab
2702,17989249,17989250,54,62183,87382,120500,-1,5,slab
2703,17989248,17989249,54,62160,87386,120450,-1,5,slab
2704,17989247,17989248,54,62160,87393,120400,-1,5,slab
2705,17989246,17989247,54,62183,87450,120350,-1,5,slab
2706,17989245,17989246,54,62156,87454,120300,-1,5,slab
2707,17989244,17989245,54,62130,87458,120250,-1,5,slab
2708,17989243,17989244,54,62099,87477,120200,-1,5,slab
2709,17989242,17989243,54,62080,87469,120150,-1,5,slab
2710,17989241,17989242,54,62054,87450,120100,-1,5,slab
2711,17989231,17989232,54,61951,87268,119600,-1,5,slab
2712,17989230,17989231,54,61955,87238,119550,-1,5,slab
2713,17989229,17989230,54,61936,87192,119500,-1,5,slab
2714,17988800,17988799,54,63764,84836,117250,-1,5,slab
2715,17988801,17988800,54,63756,84859,117300,-1,5,slab
2716,17988802,17988801,54,63676,84855,117350,-1,5,slab
2717,17988896,17988895,54,62696,85007,116950,-1,5,slab
2718,17988902,17988896,54,62711,85022,117000,-1,5,slab
2719,17988903,17988902,54,62734,85015,117050,-1,5,slab
2720,17988906,17988903,54,62779,84946,117100,-1,5,slab
2721,17988908,17988906,54,62787,84946,117150,-1,5,slab
2722,14927811,17988908,6,62819,84895,117200,-1,5,slab
2723,17988961,17988959,54,61541,83487,116950,-1,5,slab
2724,17988963,17988961,54,61529,83514,117000,-1,5,end
2725,17988990,17988944,54,62335,84559,116750,-1,5,slab
2726,17989187,17989188,54,61795,86725,118200,-1,5,slab
2727,17989186,17989187,54,61788,86709,118150,-1,5,slab
2728,17989185,17989186,54,61772,86694,118100,-1,5,slab
2729,17989184,17989185,54,61769,86709,118050,-1,5,slab
2730,17989183,17989184,54,61757,86721,118000,-1,5,slab
2731,17989169,17989170,54,61696,86675,117750,-1,5,slab
2732,17989167,17989169,54,61719,86633,117700,-1,5,slab
2733,17989161,17989167,54,61693,86641,117650,-1,5,slab
2734,17989158,17989161,54,61601,86512,117650,-1,5,branch
2735,17989157,17989158,54,61636,86523,117600,-1,5,slab
2736,17989156,17989157,54,61647,86489,117550,-1,5,slab
2737,17989155,17989156,54,61643,86394,117500,-1,5,slab
2738,17989154,17989155,54,61647,86371,117450,-1,5,slab
2739,17989153,17989154,54,61647,86386,117400,-1,5,slab
2740,17989151,17989153,54,61639,86375,117350,-1,5,slab
2741,17989150,17989151,54,61639,86333,117300,-1,5,slab
2742,17989149,17989150,54,61651,86257,117250,-1,5,slab
2743,17989142,17989149,54,61689,86272,117200,-1,5,slab
2744,17989140,17989142,54,61655,86265,117150,-1,5,slab
2745,17989139,17989140,54,61655,86242,117100,-1,5,slab
2746,17989228,17989229,54,61921,87143,119450,-1,5,slab
2747,17989227,17989228,54,61898,87093,119400,-1,5,slab
2748,17989226,17989227,54,61902,87074,119350,-1,5,slab
2749,17989225,17989226,54,61886,87051,119300,-1,5,slab
2750,17989224,17989225,54,61894,87002,119250,-1,5,slab
2751,17989223,17989224,54,61921,86964,119200,-1,5,slab
2752,17989222,17989223,54,61921,86915,119150,-1,5,slab
2753,17989214,17989222,54,61867,86918,119100,-1,5,slab
2754,17989212,17989214,54,61883,86877,119050,-1,5,slab
2755,17989211,17989212,54,61879,86880,119000,-1,5,slab
2756,17989210,17989211,54,61875,86873,118950,-1,5,slab
2757,17989206,17989210,54,61856,86839,118900,-1,5,slab
2758,17989205,17989206,54,61867,86846,118850,-1,5,slab
2759,17989204,17989205,54,61841,86816,118800,-1,5,slab
2760,17989203,17989204,54,61841,86789,118750,-1,5,slab
2761,17989201,17989203,54,61841,86793,118700,-1,5,slab
2762,17989200,17989201,54,61848,86782,118650,-1,5,slab
2763,17989198,17989200,54,61837,86778,118600,-1,5,slab
2764,17989197,17989198,54,61837,86763,118550,-1,5,slab
2765,17989196,17989197,54,61837,86744,118500,-1,5,slab
2766,17989195,17989196,54,61860,86732,118450,-1,5,slab
2767,17989194,17989195,54,61829,86732,118400,-1,5,slab
2768,17989269,17989270,54,62225,87131,121200,-1,5,slab
2769,17989270,15405113,54,62209,87086,121250,-1,5,slab
2770,17989268,17989269,54,62225,87120,121150,-1,5,slab
2771,17989267,17989268,54,62289,87177,121100,-1,5,slab
2772,17989266,17989267,54,62282,87207,121050,-1,5,slab
2773,17989263,17989266,54,62285,87241,121000,-1,5,slab
2774,17989261,17989263,54,62289,87295,120950,-1,5,slab
2775,17989260,17989261,54,62301,87272,120900,-1,5,slab
2776,17989258,17989260,54,62323,87317,120850,-1,5,slab
2777,17989257,17989258,54,62327,87340,120800,-1,5,slab
2778,17989256,17989257,54,62320,87359,120750,-1,5,slab
2779,17989255,17989256,54,62301,87390,120700,-1,5,slab
2780,17989240,17989241,54,62046,87416,120050,-1,5,slab
2781,17989239,17989240,54,62065,87409,120000,-1,5,slab
2782,17989238,17989239,54,62008,87374,119950,-1,5,slab
2783,17989237,17989238,54,62019,87344,119900,-1,5,slab
2784,17989236,17989237,54,62008,87344,119850,-1,5,slab
2785,17989235,17989236,54,61966,87329,119800,-1,5,slab
2786,17989234,17989235,54,61978,87279,119750,-1,5,slab
2787,17989233,17989234,54,61955,87287,119700,-1,5,slab
2788,17989232,17989233,54,61955,87302,119650,-1,5,slab
2789,17989190,17989194,54,61818,86717,118350,-1,5,slab
2790,17989174,17989183,54,61731,86728,117950,-1,5,slab
2791,17989173,17989174,54,61719,86721,117900,-1,5,slab
2792,17989172,17989173,54,61719,86706,117850,-1,5,slab
2793,17989170,17989172,54,61693,86683,117800,-1,5,slab
2794,17989274,17988868,54,62114,85771,116400,-1,5,slab
2795,17989275,17989274,54,62190,85714,116350,-1,5,slab
2796,17989276,17989275,54,62213,85672,116300,-1,5,slab
2797,17989277,17989276,54,62316,85623,116250,-1,5,branch
2798,17989278,17989277,54,62289,85619,116200,-1,5,slab
2799,17989279,17989278,54,62263,85626,116150,-1,5,slab
2800,17989280,17989279,54,62232,85600,116100,-1,5,slab
2801,17989281,17989280,54,62244,85562,116050,-1,5,slab
2802,17989282,17989281,54,62278,85539,116000,-1,5,slab
2803,17989283,17989282,54,62308,85509,115950,-1,5,slab
2804,17989284,17989283,54,62304,85604,115900,-1,5,slab
2805,17989285,17989284,54,62304,85478,115850,-1,5,slab
2806,17989287,17989285,54,62308,85463,115800,-1,5,slab
2807,17989288,17989287,54,62342,85474,115750,-1,5,slab
2808,17989290,17989288,54,62361,85429,115700,-1,5,slab
2809,17989291,17989290,54,62377,85429,115650,-1,5,slab
2810,17989294,17989291,54,62365,85402,115600,-1,5,slab
2811,17989297,17989294,54,62342,85391,115550,-1,5,slab
2812,17989298,17989297,54,62327,85311,115500,-1,5,slab
2813,17989299,17989298,54,62331,85319,115450,-1,5,slab
2814,17989301,17989299,54,62354,85330,115400,-1,5,slab
2815,17989302,17989301,54,62365,85326,115350,-1,5,slab
2816,17989304,17989302,54,62373,85273,115300,-1,5,slab
2817,17989305,17989304,54,62437,85319,115250,-1,5,branch
2818,17989308,17989305,54,62563,85189,115250,-1,5,slab
2819,17989310,17989309,54,62772,85193,115200,-1,5,slab
2820,17989312,17989310,54,62817,85216,115150,-1,5,slab
2821,17989318,17989312,54,62950,85189,115150,-1,5,slab
2822,17989321,17989318,54,63019,85102,115100,-1,5,slab
2823,17989326,17989321,54,63045,85102,115050,-1,5,end
2824,17989333,17989305,54,62388,85281,115200,-1,5,slab
2825,17989334,17989333,54,62403,85277,115150,-1,5,slab
2826,17989337,17989336,54,62403,85273,115050,-1,5,slab
2827,17989338,17989337,54,62377,85220,115000,-1,5,slab
2828,17989340,17989338,54,62377,85159,114950,-1,5,slab
2829,17989309,17989308,54,62711,85189,115250,-1,5,slab
2830,17989359,17989336,54,62388,84950,115100,-1,5,slab
2831,17989336,17989334,54,62411,85269,115100,-1,5,branch
2832,17989360,17989359,54,62411,84897,115150,-1,5,end
2833,17989369,17989340,54,62361,85136,114900,-1,5,slab
2834,17989371,17989369,54,62380,85170,114850,-1,5,slab
2835,17989372,17989371,54,62350,85144,114800,-1,5,slab
2836,17989374,17989372,54,62312,85106,114750,-1,5,branch
2837,17989378,17989374,54,62399,84711,114700,-1,5,slab
2838,17989384,17989378,54,62301,85026,114650,-1,5,branch
2839,6207983,17989384,3,62283,85078,114650,-1,5,end
2840,17989386,17989384,54,62244,85064,114600,-1,5,slab
2841,17989387,17989386,54,62255,85083,114550,-1,5,slab
2842,17989388,17989387,54,62255,85094,114500,-1,5,slab
2843,17989389,17989388,54,62282,85083,114450,-1,5,slab
2844,17989390,17989389,54,62342,85132,114400,-1,5,slab
2845,17989394,17989390,54,62354,85125,114350,-1,5,slab
2846,17989395,17989394,54,62327,85167,114300,-1,5,slab
2847,17989396,17989395,54,62320,85178,114250,-1,5,slab
2848,17989398,17989396,54,62308,85216,114200,-1,5,slab
2849,17989399,17989398,54,62339,85235,114150,-1,5,slab
2850,17989404,17989399,54,62320,85208,114100,-1,5,slab
2851,17989405,17989404,54,62350,85216,114050,-1,5,slab
2852,17989406,17989405,54,62380,85273,114000,-1,5,slab
2853,17989411,17989406,54,62403,85273,113950,-1,5,slab
2854,17989414,17989411,54,62456,85262,113900,-1,5,slab
2855,17989416,17989414,54,62517,85383,113850,-1,5,slab
2856,17989417,17989416,54,62517,85174,113800,-1,5,slab
2857,17989419,17989417,54,62559,85281,113750,-1,5,slab
2858,17989420,17989419,54,62631,85296,113700,-1,5,slab
2859,17989422,17989420,54,62722,85178,113650,-1,5,slab
2860,17989438,17989422,54,62700,85322,113600,-1,5,slab
2861,17989463,17989438,54,62751,85353,113550,-1,5,slab
2862,17989464,17989463,54,62802,85383,113500,-1,5,slab
2863,17989465,17989464,54,62836,85406,113450,-1,5,slab
2864,17989466,17989465,54,62909,85490,113400,-1,5,slab
2865,17989479,17989466,54,62943,85486,113350,-1,5,slab
2866,17989480,17989479,54,62992,85509,113300,-1,5,slab
2867,17989481,17989480,54,63023,85554,113250,-1,5,slab
2868,17989484,17989481,54,63053,85615,113200,-1,5,slab
2869,17989485,17989484,54,63129,85664,113150,-1,5,slab
2870,17989486,17989485,54,63209,85721,113100,-1,5,slab
2871,17989487,17989486,54,63205,85771,113050,-1,5,slab
2872,17989492,17989487,54,63228,85797,113000,-1,5,slab
2873,17989493,17989492,54,63224,85820,112950,-1,5,slab
2874,17989494,17989493,54,63232,85854,112900,-1,5,slab
2875,17989495,17989494,54,63194,85854,112850,-1,5,slab
2876,17989496,17989495,54,63171,85862,112800,-1,5,slab
2877,17989497,17989496,54,63133,85877,112750,-1,5,slab
2878,17989499,17989497,54,63144,86029,112700,-1,5,slab
2879,17989500,17989499,54,63030,85858,112650,-1,5,slab
2880,17989506,17989500,54,63011,85862,112600,-1,5,slab
2881,17989507,17989506,54,62996,85858,112550,-1,5,slab
2882,17989509,17989507,54,62935,85843,112500,-1,5,slab
2883,17989510,17989509,54,62928,85835,112450,-1,5,slab
2884,17989512,17989510,54,62943,85839,112400,-1,5,slab
2885,17989515,17989512,54,62958,85824,112350,-1,5,slab
2886,17989516,17989515,54,62943,85824,112300,-1,5,slab
2887,17989520,17989516,54,62931,85828,112250,-1,5,slab
2888,17989521,17989520,54,62920,85854,112200,-1,5,slab
2889,17989524,17989521,54,62920,85839,112150,-1,5,slab
2890,17989525,17989524,54,62901,85820,112100,-1,5,slab
2891,17989531,17989525,54,62928,85813,112050,-1,5,slab
2892,17989532,17989531,54,62954,85767,112000,-1,5,slab
2893,17989534,17989532,54,62969,85759,111950,-1,5,slab
2894,17989535,17989534,54,62988,85756,111900,-1,5,slab
2895,17989541,12332200,54,62977,85687,111800,-1,5,slab
2896,17989544,17989541,54,62988,85645,111750,-1,5,slab
2897,17989546,17989544,54,63015,85604,111700,-1,5,slab
2898,17989554,17989546,54,63026,85592,111650,-1,5,slab
2899,17989566,17989554,54,63319,85562,111650,-1,5,slab
2900,12434081,17989566,3,63612,85648,111650,-1,5,slab
2901,17989574,12434081,54,63596,85566,111600,-1,5,slab
2902,17989578,17989574,54,63646,85721,111550,-1,5,slab
2903,17989579,17989578,54,63843,85858,111500,-1,5,slab
2904,17989592,17989579,54,63908,85854,111450,-1,5,branch
2905,17989594,17989592,54,63870,85687,111400,-1,5,slab
2906,17989596,4182932,54,64064,86257,111400,-1,5,slab
2907,17989597,17989596,54,64056,86242,111350,-1,5,slab
2908,17989598,17989597,54,64060,86269,111300,-1,5,slab
2909,17989600,17989598,54,64033,86272,111250,-1,5,slab
2910,17989601,17989600,54,64037,86272,111200,-1,5,slab
2911,17989602,17989601,54,64045,86322,111150,-1,5,slab
2912,17989607,17989602,54,64068,86345,111100,-1,5,slab
2913,17989608,17989607,54,64094,86390,111050,-1,5,slab
2914,17989609,17989608,54,64068,86356,111000,-1,5,slab
2915,17989610,17989609,54,64212,86386,110950,-1,5,slab
2916,17989613,17989610,54,64288,86375,110900,-1,5,slab
2917,17989620,17989613,54,64429,86394,110850,-1,5,slab
2918,17989623,17989620,54,64429,86478,110800,-1,5,slab
2919,17989631,9881162,54,64679,86527,110700,-1,5,slab
2920,17989634,17989631,54,64847,86508,110650,-1,5,slab
2921,17989635,17989634,54,64926,86523,110600,-1,5,slab
2922,17989638,17989635,54,65082,86523,110550,-1,5,slab
2923,17989639,17989638,54,65208,86622,110550,-1,5,slab
2924,17989640,17989639,54,65223,86675,110500,-1,5,slab
2925,17989645,17989640,54,65261,86740,110450,-1,5,slab
2926,17989646,17989645,54,65314,86789,110400,-1,5,branch
2927,17989647,17989646,54,65371,86835,110350,-1,5,end
2928,17989667,17989646,54,65192,86747,110400,-1,5,slab
2929,17989670,17989667,54,65200,86763,110350,-1,5,slab
2930,17989672,17989670,54,65196,86766,110300,-1,5,slab
2931,17989676,17989672,54,65196,86785,110250,-1,5,slab
2932,17989677,17989676,54,65166,86785,110200,-1,5,slab
2933,17989681,17989677,54,65166,86785,110150,-1,5,end
2934,17989686,4182932,54,64117,86244,111500,-1,5,slab
2935,17989688,17989686,54,64163,86301,111550,-1,5,slab
2936,17989695,17989688,54,64151,86084,111600,-1,5,branch
2937,17989698,17989695,54,64231,86400,111650,-1,5,slab
2938,17989699,17989698,54,64258,86445,111700,-1,5,slab
2939,17989700,17989699,54,64265,86468,111750,-1,5,slab
2940,17989701,17989700,54,64261,86495,111800,-1,5,slab
2941,17989702,17989701,54,64265,86521,111850,-1,5,slab
2942,17989709,12434063,54,64280,86533,111950,-1,5,slab
2943,17989712,17989709,54,64311,86556,112000,-1,5,slab
2944,17989718,17989712,54,64322,86586,112050,-1,5,slab
2945,17989721,17989718,54,64334,86571,112100,-1,5,slab
2946,17989722,17989721,54,64353,86575,112150,-1,5,slab
2947,17989723,17989722,54,64364,86597,112200,-1,5,slab
2948,17989725,17989723,54,64394,86578,112250,-1,5,branch
2949,17989728,17989725,54,64372,86594,112300,-1,5,slab
2950,17989729,17989728,54,64372,86582,112350,-1,5,slab
2951,17989730,17989729,54,64345,86597,112400,-1,5,slab
2952,17989731,17989730,54,64337,86662,112450,-1,5,slab
2953,17989734,17989731,54,64315,86643,112500,-1,5,slab
2954,17989736,17989734,54,64345,86666,112550,-1,5,slab
2955,17989739,17989736,54,64353,86734,112600,-1,5,slab
2956,17989740,17989739,54,64364,86776,112650,-1,5,end
2957,17989773,17989594,54,63908,85646,111350,-1,5,slab
2958,17989776,17989773,54,63938,85517,111300,-1,5,slab
2959,17989777,17989776,54,63965,85479,111250,-1,5,slab
2960,17989780,17989777,54,63950,85425,111200,-1,5,slab
2961,17989781,17989780,54,63995,85368,111150,-1,5,slab
2962,17989782,17989781,54,63988,85323,111100,-1,5,slab
2963,17989783,17989782,54,64037,85304,111050,-1,5,slab
2964,17989784,17989783,54,63995,85266,111000,-1,5,slab
2965,17989785,17989784,54,64007,85270,110950,-1,5,end
2966,17989804,17988702,54,63486,83717,116150,-1,5,slab
2967,17989807,17989804,54,63479,83721,116100,-1,5,slab
2968,17989808,17989807,54,63444,83694,116050,-1,5,slab
2969,17989809,17989808,54,63452,83687,116000,-1,5,slab
2970,17989810,17989809,54,63463,83687,115950,-1,5,slab
2971,17989812,17989810,54,63562,84036,115900,-1,5,slab
2972,17989817,17989812,54,63509,83660,115850,-1,5,slab
2973,17989818,17989817,54,63528,83645,115800,-1,5,slab
2974,17989820,2262414,54,63558,83546,115700,-1,5,slab
2975,17989822,17989820,54,63547,83542,115650,-1,5,end
2976,61823343,61645385,73,66943,82266,146850,-1,5,slab
2977,61823345,1116759,73,67005,82389,147150,-1,5,slab
2978,61824505,61824506,73,66791,82311,144650,-1,5,slab
2979,61824507,15219245,73,66762,82303,144550,-1,5,slab
2980,61824494,61824495,73,66706,82118,146100,-1,5,slab
2981,61824487,61824488,73,66933,82252,146750,-1,5,slab
2982,61824488,61824489,73,66889,82215,146600,-1,5,slab
2983,61824490,61824491,73,66803,82212,146450,-1,5,slab
2984,61824493,61824494,73,66778,82180,146250,-1,5,slab
2985,61824495,61824496,73,66735,82099,145950,-1,5,slab
2986,61645385,61824487,22,66965,82269,146800,-1,5,slab
2987,61824491,1116591,73,66805,82227,146400,-1,5,slab
2988,61824492,61824493,73,66799,82200,146300,-1,5,slab
2989,61824496,61824497,73,66733,82083,145800,-1,5,slab
2990,61824497,61824498,73,66737,82087,145600,-1,5,slab
2991,61824500,61824501,73,66836,82270,145150,-1,5,slab
2992,61824502,61824503,73,66840,82324,145050,-1,5,slab
2993,61824504,61824505,73,66850,82365,144850,-1,5,slab
2994,61824506,61824507,73,66764,82303,144600,-1,5,slab
2995,61823348,61823347,73,66961,82414,147400,-1,5,end
2996,61823347,61823346,73,66992,82426,147250,-1,5,slab
2997,61823346,61823345,73,66990,82414,147200,-1,5,slab
2998,61823344,61823343,73,66939,82262,146900,-1,5,slab
2999,61824498,61824499,73,66743,82132,145400,-1,5,slab
3000,61824503,61824504,73,66842,82319,145000,-1,5,slab
3001,61824501,61824502,73,66836,82270,145100,-1,5,slab
3002,61824489,61824490,73,66799,82219,146500,-1,5,slab
3003,61824499,1116413,73,66811,82184,145350,-1,5,slab
3004,7392240,7392241,2,41334,65335,62150,-1,5,slab
3005,7392241,7392242,2,41359,65337,62200,-1,5,slab
3006,7392230,7392231,2,41268,65240,61750,-1,5,slab
3007,7392236,7392238,2,41260,65329,62000,-1,5,slab
3008,21504985,21504986,12,41496,65268,62450,-1,5,slab
3009,21504986,21504988,12,41488,65363,62700,-1,5,slab
3010,21504988,21504990,12,41507,65428,62950,-1,5,slab
3011,21504990,21504991,12,41663,65439,63250,-1,5,slab
3012,21504991,21504993,12,41750,65637,63500,-1,5,slab
3013,21504993,21504995,12,41754,65664,63600,-1,5,slab
3014,21504995,21504996,12,41898,65804,63850,-1,5,slab
3015,21504996,21505003,12,41978,65861,64050,-1,5,slab
3016,21505003,21505004,12,42187,65857,64150,-1,5,slab
3017,21505004,21505005,12,42187,65857,64200,-1,5,slab
3018,1148608,1148606,3,38714,63672,61100,-1,5,slab
3019,1154733,1148608,3,38528,63539,61050,-1,5,slab
3020,1154735,1154733,3,38342,63406,61000,-1,5,slab
3021,1154765,1154735,3,38186,63190,60950,-1,5,slab
3022,1154865,1154765,3,38022,63106,60900,-1,5,slab
3023,1154870,1154865,3,37965,63045,60850,-1,5,slab
3024,1154876,1154870,3,37924,63009,60800,-1,5,slab
3025,1154878,1154876,3,37884,62973,60750,-1,5,slab
3026,1154880,1154878,3,37802,62890,60700,-1,5,slab
3027,1154882,1154880,3,37720,62806,60650,-1,5,slab
3028,1154888,1154882,3,37652,62715,60600,-1,5,slab
3029,1154896,1154894,3,37671,62700,60500,-1,5,slab
3030,1154900,1154896,3,37642,62703,60450,-1,5,slab
3031,1154902,1154900,3,37613,62707,60400,-1,5,slab
3032,1148604,7392227,3,39140,63847,61200,-1,3,slab
3033,21505005,2993862,12,42237,65865,64250,-1,5,slab
3034,1154904,1154902,3,37583,62711,60350,-1,5,slab
3035,1154908,1154904,3,37580,62730,60300,-1,5,slab
3036,1154910,1154908,3,37576,62749,60250,-1,5,slab
3037,1154916,1154910,3,37567,62729,60200,-1,5,slab
3038,1154918,1154916,3,37558,62708,60150,-1,5,slab
3039,1154920,1154918,3,37549,62688,60100,-1,5,slab
3040,1154980,1154920,3,37464,62700,60050,-1,5,slab
3041,1154982,1154980,3,37437,62677,60000,-1,5,slab
3042,1154984,1154982,3,37342,62605,59950,-1,5,slab
3043,1154986,1154984,3,37243,62605,59900,-1,5,slab
3044,1154990,1154986,3,37145,62624,59850,-1,5,slab
3045,1154994,1154990,3,37088,62559,59800,-1,5,slab
3046,1154996,1154994,3,37028,62568,59750,-1,5,slab
3047,1154998,1154996,3,36968,62578,59700,-1,5,slab
3048,1155006,1154998,3,36858,62612,59650,-1,5,slab
3049,1155008,1155006,3,36747,62646,59600,-1,5,slab
3050,1155016,1155008,3,36455,62700,59550,-1,5,slab
3051,1155020,1155016,3,36417,62703,59500,-1,5,slab
3052,1155022,1155020,3,36379,62707,59450,-1,5,slab
3053,1155031,1155022,3,35987,62650,59400,-1,5,slab
3054,1155035,1155031,3,35697,62772,59350,-1,5,slab
3055,1155039,1155035,3,35032,62563,59350,-1,5,slab
3056,1155041,1155039,3,34834,62221,59300,-1,5,slab
3057,1155110,1155041,3,34747,62084,59250,-1,5,slab
3058,1155112,1155110,3,34659,61959,59200,-1,5,slab
3059,1155118,1155112,3,34556,61888,59150,-1,5,slab
3060,1155120,1155118,3,34452,61818,59100,-1,5,slab
3061,1155126,1155120,3,34397,61732,59050,-1,5,slab
3062,1155128,1155126,3,34342,61647,59000,-1,5,slab
3063,1155150,1155128,3,34293,61544,58950,-1,5,slab
3064,1155152,1155150,3,34243,61442,58900,-1,5,slab
3065,1155156,1155152,3,34150,61370,58850,-1,5,slab
3066,1155158,1155156,3,34057,61297,58800,-1,5,slab
3067,1155168,1155158,3,34000,61200,58750,-1,5,slab
3068,1155170,1155168,3,33943,61104,58700,-1,5,slab
3069,1155180,1155178,3,33301,60853,58600,-1,5,slab
3070,1155186,1155180,3,32533,60366,58550,-1,5,slab
3071,1155196,1155186,3,32391,60243,58500,-1,5,slab
3072,1155198,1155196,3,32250,60121,58450,-1,5,slab
3073,1155200,1155198,3,32108,59998,58400,-1,5,slab
3074,1155206,1155200,3,31978,59884,58350,-1,5,slab
3075,1155208,1155206,3,31849,59770,58300,-1,5,slab
3076,1155216,1155208,3,31775,59724,58250,-1,5,slab
3077,1155218,1155216,3,31701,59679,58200,-1,5,slab
3078,1155278,1155218,3,31564,59616,58150,-1,5,slab
3079,1155280,1155278,3,31427,59553,58100,-1,5,slab
3080,1155282,1155280,3,31365,59525,58050,-1,5,slab
3081,1155284,1155282,3,31302,59496,58000,-1,5,slab
3082,1155288,1155284,3,31289,59462,57950,-1,5,slab
3083,1155290,1155288,3,31275,59428,57900,-1,5,slab
3084,1155294,1155290,3,31260,59413,57850,-1,5,slab
3085,1155296,1155294,3,31245,59397,57800,-1,5,slab
3086,1155302,1155296,3,30903,59052,57750,-1,5,slab
3087,1155376,1155302,3,30909,59052,57700,-1,5,slab
3088,1155380,1155376,3,30867,59010,57650,-1,5,slab
3089,1155384,1155380,3,30879,58972,57600,-1,5,slab
3090,1155386,1155384,3,30892,58934,57550,-1,5,branch
3091,1155445,1155386,3,30840,58888,57500,-1,5,slab
3092,1155449,1155445,3,30635,58827,57450,-1,5,slab
3093,1155455,1155386,3,30419,58755,57600,-1,5,slab
3094,1155459,1155455,3,30324,58683,57650,-1,5,slab
3095,1155461,1155459,3,30267,58649,57700,-1,5,slab
3096,1155557,1155555,3,30417,58692,57050,-1,5,slab
3097,1155531,1155449,3,30552,58789,57400,-1,5,slab
3098,1155535,1155531,3,30555,58801,57350,-1,5,slab
3099,1155543,1155535,3,30529,58748,57300,-1,5,slab
3100,1155549,1155543,3,30537,58740,57250,-1,5,slab
3101,1155551,1155549,3,30546,58732,57200,-1,5,slab
3102,1155553,1155551,3,30479,58708,57150,-1,5,slab
3103,1155555,1155553,3,30413,58683,57100,-1,5,slab
3104,1155559,1155557,3,30420,58702,57000,-1,5,slab
3105,1155561,1155559,3,30407,58711,56950,-1,5,slab
3106,1155563,1155561,3,30394,58721,56900,-1,5,slab
3107,1155565,1155563,3,30348,58713,56850,-1,5,slab
3108,1155567,1155565,3,30303,58706,56800,-1,5,slab
3109,1155573,1155567,3,30284,58673,56750,-1,5,slab
3110,1155575,1155573,3,30265,58641,56700,-1,5,slab
3111,1155581,1155575,3,30071,58417,56650,-1,5,branch
3112,1155583,1155581,3,30021,58318,56600,-1,5,slab
3113,1155585,1155583,3,30189,58320,56550,-1,5,slab
3114,1155587,1155585,3,30356,58322,56500,-1,5,slab
3115,1155592,1155587,3,30365,58381,56450,-1,5,slab
3116,1155594,1155592,3,30375,58440,56400,-1,5,slab
3117,1155596,1155594,3,30424,58440,56350,-1,5,end
3118,1155600,1155581,3,29864,58098,56700,-1,5,slab
3119,1155606,1155600,3,29799,57950,56750,-1,5,slab
3120,1155608,1155606,3,29765,57896,56800,-1,5,slab
3121,1155610,1155608,3,29719,57866,56850,-1,5,slab
3122,1155616,1155610,3,29677,57839,56900,-1,5,slab
3123,1155618,1155616,3,29634,57813,56950,-1,5,slab
3124,1155622,1155618,3,29556,57763,57000,-1,5,slab
3125,1155624,1155622,3,29478,57714,57050,-1,5,slab
3126,1155626,1155624,3,29406,57649,57100,-1,5,slab
3127,1155628,1155626,3,29334,57585,57150,-1,5,slab
3128,1155631,1155628,3,29317,57547,57200,-1,5,slab
3129,1155714,1155631,3,29309,57494,57250,-1,5,slab
3130,1155716,1155714,3,29233,57387,57300,-1,5,slab
3131,1155724,1155722,3,29206,57288,57400,-1,5,slab
3132,1155726,1155724,3,29096,56946,57450,-1,5,branch
3133,1155728,1155726,3,29016,56893,57500,-1,5,slab
3134,1155730,1155726,3,28956,56867,57400,-1,5,slab
3135,1155732,1155730,3,28826,56741,57350,-1,5,slab
3136,1155735,1155732,3,28800,56684,57300,-1,5,slab
3137,1155737,1155735,3,28754,56688,57250,-1,5,slab
3138,1155739,1155737,3,28678,56608,57200,-1,5,slab
3139,1155741,1155739,3,28526,56487,57150,-1,5,slab
3140,1155743,1155741,3,28519,56422,57100,-1,5,slab
3141,1155745,1155743,3,28492,56395,57050,-1,5,slab
3142,1155747,1155745,3,28412,56331,57000,-1,5,slab
3143,1155751,1155747,3,28355,56285,56950,-1,5,slab
3144,1155756,1155751,3,28312,56260,56900,-1,5,slab
3145,1155758,1155756,3,28270,56236,56850,-1,5,slab
3146,1155760,1155758,3,28144,56160,56800,-1,5,slab
3147,1155822,1155820,3,26957,54951,56450,-1,5,slab
3148,1155764,1155760,3,27935,56065,56750,-1,5,slab
3149,1155794,1155764,3,27865,56019,56700,-1,5,slab
3150,1155798,1155794,3,27508,55768,56650,-1,5,slab
3151,1155800,1155798,3,27432,55677,56600,-1,5,slab
3152,1155812,1155800,3,27344,55643,56550,-1,5,slab
3153,1155816,1155812,3,27409,55575,56500,-1,5,slab
3154,1155820,1155816,3,27029,55157,56500,-1,5,slab
3155,1155860,1155822,3,26820,54644,56500,-1,5,slab
3156,1155866,1155860,3,26626,54009,56550,-1,5,branch
3157,1155870,1155866,3,26436,53496,56500,-1,5,slab
3158,1155876,1155870,3,26441,53481,56450,-1,5,slab
3159,1155878,1155876,3,26446,53466,56400,-1,5,slab
3160,1155892,1155866,3,26649,54009,56600,-1,5,slab
3161,1155894,1155892,3,26660,54005,56650,-1,5,end
3162,1156284,1155728,3,29029,56931,57550,-1,5,slab
3163,1156286,1156284,3,29041,56969,57600,-1,5,slab
3164,1156290,1156286,3,29108,57076,57650,-1,5,end
3165,1156299,1155878,3,26425,53405,56350,-1,5,slab
3166,1156303,1156299,3,26372,53367,56300,-1,5,slab
3167,1156305,1156303,3,26280,53310,56250,-1,5,slab
3168,1156309,1156305,3,26201,53207,56200,-1,5,slab
3169,1156311,1156309,3,26128,53143,56150,-1,5,slab
3170,1156315,1156311,3,26045,53059,56100,-1,5,slab
3171,1156319,1156315,3,25999,53051,56050,-1,5,slab
3172,1156324,1156319,3,25942,52972,56000,-1,5,slab
3173,1156328,1156324,3,25881,52831,55950,-1,5,slab
3174,1156330,1156328,3,25908,52812,55900,-1,5,slab
3175,1156334,1156330,3,25878,52751,55850,-1,5,slab
3176,1156338,1156334,3,25889,52614,55800,-1,5,branch
3177,1156340,1156338,3,26018,52474,55750,-1,5,slab
3178,1156344,1156340,3,25976,52440,55700,-1,5,slab
3179,1156354,1156338,3,25980,52253,55800,-1,5,branch
3180,1156356,1156354,3,25984,52352,55850,-1,5,end
3181,1156371,1156354,3,25805,51942,55750,-1,5,slab
3182,1156428,1156371,3,25775,51892,55700,-1,5,slab
3183,1156432,1156428,3,25726,51828,55650,-1,5,slab
3184,1156436,1156432,3,25669,51794,55600,-1,5,slab
3185,1156439,1156436,3,25646,51672,55550,-1,5,slab
3186,1156443,1156439,3,25634,51429,55500,-1,5,branch
3187,1156449,1156443,3,25638,51330,55450,-1,5,slab
3188,1156465,1156443,3,25805,51235,55550,-1,5,slab
3189,1156469,1156465,3,25904,51155,55600,-1,5,slab
3190,1157746,1155461,3,30069,58497,57750,-1,5,slab
3191,1157748,1157746,3,29993,58413,57800,-1,5,slab
3192,1157750,1157748,3,29738,58311,57850,-1,5,slab
3193,1157752,1157750,3,29339,58136,57900,-1,5,slab
3194,1157754,1157752,3,29157,57999,57950,-1,5,slab
3195,1157756,1157754,3,28959,57904,57900,-1,5,slab
3196,1157758,1157756,3,28937,57824,57850,-1,5,slab
3197,1157760,1157758,3,28731,57604,57800,-1,5,slab
3198,1157762,1157760,3,28579,57380,57750,-1,5,slab
3199,1157975,1157973,3,28462,56965,57600,-1,5,slab
3200,1157977,1157975,3,28359,56711,57650,-1,5,slab
3201,1158011,1157977,3,28264,56703,57700,-1,5,slab
3202,1158013,1158011,3,28241,56699,57750,-1,5,slab
3203,1158017,1158013,3,27983,56388,57800,-1,5,slab
3204,1158024,1158017,3,27907,56285,57850,-1,5,slab
3205,1158026,1158024,3,27819,56179,57900,-1,5,slab
3206,1158028,1158026,3,27709,56008,57950,-1,5,slab
3207,1158085,1158028,3,27675,55962,58000,-1,5,slab
3208,1158087,1158085,3,27637,55867,58050,-1,5,slab
3209,1158091,1158087,3,27588,55761,58100,-1,5,slab
3210,1158095,1158091,3,27458,55632,58150,-1,5,slab
3211,1158113,1158095,3,27447,55616,58200,-1,5,slab
3212,1158131,1158113,3,27303,55556,58250,-1,5,slab
3213,1158141,1158131,3,27230,55419,58300,-1,5,slab
3214,1158147,1158145,3,26972,54853,58400,-1,5,slab
3215,1158145,1158141,3,27037,55092,58350,-1,4,slab
3216,1158158,1158147,3,26942,54693,58450,-1,5,slab
3217,1158160,1158158,3,26957,54606,58500,-1,5,slab
3218,1158162,1158160,3,27044,54366,58550,-1,5,slab
3219,1158384,1158382,3,26014,50961,55700,-1,5,slab
3220,1158168,1158162,3,27177,53990,58500,-1,4,slab
3221,1158172,1158168,3,27196,54032,58450,-1,5,slab
3222,1158174,1158172,3,27192,54081,58400,-1,5,slab
3223,1158176,1158174,3,27196,54077,58350,-1,5,end
3224,1158245,1156344,3,25893,52504,55650,-1,5,slab
3225,1158247,1158245,3,25767,52523,55600,-1,5,slab
3226,1158309,1158247,3,25676,52561,55550,-1,5,slab
3227,1158311,1158309,3,25670,52557,55500,-1,5,slab
3228,1158313,1158311,3,25720,52576,55450,-1,5,end
3229,1158382,1156469,3,25992,51068,55650,-1,5,slab
3230,1158386,1158384,3,26060,50958,55750,-1,5,slab
3231,1158388,1158386,3,26037,50866,55800,-1,5,branch
3232,1158390,1158388,3,26030,50832,55850,-1,5,slab
3233,1158392,1158390,3,26098,50768,55900,-1,5,slab
3234,1158394,1158392,3,26140,50730,55950,-1,5,slab
3235,1158396,1158394,3,26102,50638,56000,-1,5,slab
3236,1158400,1158398,3,25893,50714,55750,-1,5,slab
3237,1158404,1158402,3,25851,50673,55650,-1,5,end
3238,1158402,1158400,3,25866,50684,55700,-1,5,slab
3239,1158523,1158396,3,26178,50638,56050,-1,5,slab
3240,1158525,1158523,3,26151,50578,56100,-1,5,slab
3241,1158527,1158525,3,26250,50513,56150,-1,5,slab
3242,1158529,1158527,3,26277,50418,56200,-1,5,slab
3243,1158531,1158529,3,26303,50388,56250,-1,5,slab
3244,1158533,1158531,3,26349,50388,56300,-1,5,end
3245,1158586,1156449,3,25638,51311,55400,-1,5,end
3246,21735702,21735703,6,66131,86372,120000,-1,5,slab
3247,21735703,21735704,6,66173,86415,120150,-1,5,slab
3248,21735704,21735705,6,66216,86382,120250,-1,5,slab
3249,21735705,21735706,6,66224,86345,120350,-1,5,branch
3250,21735706,21735709,6,66096,86555,120500,-1,5,slab
3251,21735709,21735710,6,66068,86608,120650,-1,5,slab
3252,21735710,21735711,6,66086,86633,120700,-1,5,slab
3253,21735711,21735712,6,66146,86611,120850,-1,5,slab
3254,21735712,21735713,6,66183,86631,121000,-1,5,slab
3255,21735713,21735714,6,66193,86686,121150,-1,5,slab
3256,21735714,21735715,6,66196,86711,121250,-1,5,slab
3257,21735715,21735716,6,66229,86789,121400,-1,5,slab
3258,21735716,21735717,6,66266,86869,121600,-1,5,slab
3259,21735708,21735707,6,66131,86134,120500,-1,5,slab
3260,21735707,21735705,6,66156,86159,120400,-1,5,slab
3261,21735717,2962499,6,66279,87042,121750,-1,5,slab
3262,21735718,21735708,6,66142,86113,120600,-1,5,slab
3263,21735719,2796578,6,66109,86344,119700,-1,5,slab
3264,21735721,21735720,6,65909,86306,119500,-1,5,slab
3265,21735722,21735719,6,66067,86345,119650,-1,5,branch
3266,21735720,21735722,6,66024,86346,119600,-1,5,slab
3267,21735723,21735722,6,66252,86111,119650,-1,5,slab
3268,21735724,21735723,6,66290,86091,119600,-1,5,slab
3269,21735725,21735724,6,66357,86053,119550,-1,5,slab
3270,21735726,21735725,6,66390,86028,119500,-1,5,slab
3271,21735727,21735721,6,65746,86304,119350,-1,5,slab
3272,21735728,21735727,6,65681,86276,119250,-1,5,slab
3273,21735729,21735728,6,65683,86284,119150,-1,5,slab
3274,21735730,21735729,6,65653,86264,119050,-1,5,end
3275,21735731,21735726,6,66388,86002,119400,-1,5,slab
3276,21735732,21735731,6,66443,86002,119300,-1,5,slab
3277,21735733,21735732,6,66498,86017,119200,-1,5,slab
3278,21735735,21735733,6,66571,85969,119150,-1,5,slab
3279,21735736,21735735,6,66676,85836,119050,-1,5,slab
3280,21735737,21735736,6,66706,85839,118950,-1,5,slab
3281,21735738,21735737,6,66741,85864,118850,-1,5,slab
3282,21735739,21735738,6,66726,85954,118750,-1,5,slab
3283,21735740,21735739,6,66706,85967,118600,-1,5,slab
3284,21735741,21735740,6,66714,85959,118500,-1,5,end
